55.944425,-3.188396,SSE,55.944147836140246,-3.1882811949702905,73.36938705202775,326.07883673508763
55.944147836140246,-3.1882811949702905,SW,55.94393570410589,-3.1884933270046463,73.36938705202775,324.82883673508763
55.94393570410589,-3.1884933270046463,SW,55.943723572071534,-3.188705459039002,73.36938705202775,323.57883673508763
55.943723572071534,-3.188705459039002,SW,55.94351144003718,-3.188917591073358,130.0079472706648,405.9908781071255
55.94351144003718,-3.188917591073358,SW,55.94329930800282,-3.1891297231077136,130.0079472706648,404.7408781071255
55.94329930800282,-3.1891297231077136,SW,55.943087175968465,-3.1893418551420694,130.0079472706648,403.4908781071255
55.943087175968465,-3.1893418551420694,SW,55.94287504393411,-3.189553987176425,130.0079472706648,402.2408781071255
55.94287504393411,-3.189553987176425,SW,55.94266291189975,-3.189766119210781,179.4463798629765,470.82360116949974
55.94266291189975,-3.189766119210781,W,55.94266291189975,-3.190066119210781,179.4463798629765,469.57360116949974
55.94266291189975,-3.190066119210781,W,55.94266291189975,-3.1903661192107813,179.4463798629765,468.32360116949974
55.94266291189975,-3.1903661192107813,W,55.94266291189975,-3.1906661192107815,179.4463798629765,467.07360116949974
55.94266291189975,-3.1906661192107815,W,55.94266291189975,-3.1909661192107817,257.1017974875462,549.3154802960265
55.94266291189975,-3.1909661192107817,NNW,55.94294007575951,-3.191080924240491,257.1017974875462,548.0654802960265
55.94294007575951,-3.191080924240491,WNW,55.94305488078922,-3.1913580881002446,257.1017974875462,546.8154802960265
55.94305488078922,-3.1913580881002446,NNW,55.943332044648976,-3.191472893129954,257.1017974875462,545.5654802960265
55.943332044648976,-3.191472893129954,NNE,55.94360920850873,-3.1913580881002446,318.7993088908371,565.6800247540979
55.94360920850873,-3.1913580881002446,NNW,55.94388637236849,-3.191472893129954,363.1133490113244,570.0436582213895
55.94388637236849,-3.191472893129954,WNW,55.9440011773982,-3.1917500569897075,378.76855599928194,609.5570854527463
55.9440011773982,-3.1917500569897075,NNE,55.944278341257956,-3.191635251959998,470.86340939283485,613.4022492481791
55.944278341257956,-3.191635251959998,N,55.94457834125796,-3.191635251959998,560.022155449821,714.9430539959479
55.94457834125796,-3.191635251959998,NNE,55.944855505117715,-3.1915204469302885,560.022155449821,713.6930539959479
55.944855505117715,-3.1915204469302885,NE,55.94506763715207,-3.1913083148959327,560.022155449821,712.4430539959479
55.94506763715207,-3.1913083148959327,NNE,55.94534480101183,-3.191193509866223,623.9520823324974,829.0726636474799
55.94534480101183,-3.191193509866223,E,55.94534480101183,-3.190893509866223,623.9520823324974,827.8226636474799
55.94534480101183,-3.190893509866223,E,55.94534480101183,-3.190593509866223,623.9520823324974,826.5726636474799
55.94534480101183,-3.190593509866223,ESE,55.94522999598212,-3.1903163460064694,739.7244637111876,911.3798586536152
55.94522999598212,-3.1903163460064694,S,55.944929995982115,-3.1903163460064694,739.7244637111876,910.1298586536152
55.944929995982115,-3.1903163460064694,S,55.94462999598211,-3.1903163460064694,800.5221888874735,945.3979671534933
55.94462999598211,-3.1903163460064694,ESE,55.9445151909524,-3.190039182146716,811.29969078467,1005.890188902492
55.9445151909524,-3.190039182146716,ENE,55.94462999598211,-3.1897620182869626,907.3817654383183,1039.2252746706965
55.94462999598211,-3.1897620182869626,SW,55.944417863947756,-3.1899741503213184,907.3817654383183,1037.9752746706965
55.944417863947756,-3.1899741503213184,SW,55.9442057319134,-3.190186282355674,907.3817654383183,1036.7252746706965
55.9442057319134,-3.190186282355674,SW,55.94399359987904,-3.19039841439003,929.6758793438624,1046.533838582309
55.94399359987904,-3.19039841439003,NNE,55.9442707637388,-3.1902836093603204,929.6758793438624,1045.283838582309
55.9442707637388,-3.1902836093603204,NE,55.944482895773156,-3.1900714773259646,929.6758793438624,1044.033838582309
55.944482895773156,-3.1900714773259646,NE,55.94469502780751,-3.189859345291609,929.6758793438624,1042.783838582309
55.94469502780751,-3.189859345291609,NE,55.94490715984187,-3.189647213257253,929.6758793438624,1041.533838582309
55.94490715984187,-3.189647213257253,NE,55.945119291876225,-3.1894350812228973,929.6758793438624,1040.283838582309
55.945119291876225,-3.1894350812228973,NNE,55.94539645573598,-3.189320276193188,929.6758793438624,1039.033838582309
55.94539645573598,-3.189320276193188,NE,55.94560858777034,-3.189108144158832,1010.3063673342247,1153.6303161886804
55.94560858777034,-3.189108144158832,E,55.94560858777034,-3.188808144158832,1032.199564016418,1253.369230996424
55.94560858777034,-3.188808144158832,E,55.94560858777034,-3.1885081441588317,1032.199564016418,1252.119230996424
55.94560858777034,-3.1885081441588317,E,55.94560858777034,-3.1882081441588315,1032.199564016418,1250.869230996424
55.94560858777034,-3.1882081441588315,ENE,55.94572339280005,-3.187930980299078,1032.199564016418,1249.619230996424
55.94572339280005,-3.187930980299078,E,55.94572339280005,-3.187630980299078,1043.0335470272778,1330.9383215019525
55.94572339280005,-3.187630980299078,SE,55.94551126076569,-3.187418848264722,1043.0335470272778,1329.6883215019525
55.94551126076569,-3.187418848264722,SSE,55.945234096905935,-3.1873040432350126,1043.0335470272778,1328.4383215019525
55.945234096905935,-3.1873040432350126,SE,55.94502196487158,-3.187091911200657,1092.3044754001337,1340.2630703582397
55.94502196487158,-3.187091911200657,SSE,55.94474480101182,-3.1869771061709473,1092.3044754001337,1339.0130703582397
55.94474480101182,-3.1869771061709473,SSE,55.944467637152066,-3.186862301141238,1092.3044754001337,1337.7630703582397
55.944467637152066,-3.186862301141238,SE,55.94425550511771,-3.186650169106882,1202.9134445444397,1407.924581776187
55.94425550511771,-3.186650169106882,SSE,55.94397834125795,-3.1865353640771725,1234.5751479437247,1486.2459475022338
55.94397834125795,-3.1865353640771725,E,55.94397834125795,-3.1862353640771723,1234.5751479437247,1484.9959475022338
55.94397834125795,-3.1862353640771723,ESE,55.94386353622824,-3.185958200217419,1234.5751479437247,1483.7459475022338
55.94386353622824,-3.185958200217419,E,55.94386353622824,-3.1856582002174187,1311.7902330310337,1491.651669609309
55.94386353622824,-3.1856582002174187,S,55.94356353622824,-3.1856582002174187,1311.7902330310337,1490.401669609309
55.94356353622824,-3.1856582002174187,S,55.94326353622824,-3.1856582002174187,1311.7902330310337,1489.151669609309
55.94326353622824,-3.1856582002174187,SSE,55.94298637236848,-3.1855433951877092,1346.929877565775,1548.2429197272384
55.94298637236848,-3.1855433951877092,NE,55.94319850440284,-3.1853312631533535,1346.929877565775,1546.9929197272384
55.94319850440284,-3.1853312631533535,NE,55.94341063643719,-3.1851191311189977,1346.929877565775,1545.7429197272384
55.94341063643719,-3.1851191311189977,NE,55.94362276847155,-3.184906999084642,1346.929877565775,1544.4929197272384
55.94362276847155,-3.184906999084642,NE,55.943834900505905,-3.184694867050286,1432.805674687624,1619.2576361046779
55.943834900505905,-3.184694867050286,N,55.94413490050591,-3.184694867050286,1432.805674687624,1618.0076361046779
55.94413490050591,-3.184694867050286,N,55.94443490050591,-3.184694867050286,1432.805674687624,1616.7576361046779
55.94443490050591,-3.184694867050286,N,55.944734900505914,-3.184694867050286,1432.805674687624,1615.5076361046779
55.944734900505914,-3.184694867050286,NNW,55.94501206436567,-3.1848096720799957,1465.598536133868,1701.3676393722426
55.94501206436567,-3.1848096720799957,NNE,55.94528922822543,-3.184694867050286,1465.598536133868,1700.1176393722426
55.94528922822543,-3.184694867050286,NNE,55.94556639208518,-3.1845800620205766,1465.598536133868,1698.8676393722426
55.94556639208518,-3.1845800620205766,NE,55.94577852411954,-3.184367929986221,1535.0570501670613,1813.7020355285306
55.94577852411954,-3.184367929986221,W,55.94577852411954,-3.184667929986221,1535.0570501670613,1812.4520355285306
55.94577852411954,-3.184667929986221,WSW,55.94566371908983,-3.1849450938459745,1535.0570501670613,1811.2020355285306
55.94566371908983,-3.1849450938459745,W,55.94566371908983,-3.1852450938459747,1535.0570501670613,1809.9520355285306
55.94566371908983,-3.1852450938459747,WSW,55.94554891406012,-3.185522257705728,1535.0570501670613,1808.7020355285306
55.94554891406012,-3.185522257705728,W,55.94554891406012,-3.1858222577057282,1648.9445022773843,1842.30581523135
55.94554891406012,-3.1858222577057282,SSW,55.94527175020036,-3.1859370627354378,1755.2638948040085,1858.1822758480052
55.94527175020036,-3.1859370627354378,S,55.94497175020036,-3.1859370627354378,1770.982719354132,1950.2242892972558
55.94497175020036,-3.1859370627354378,SSW,55.9446945863406,-3.1860518677651473,1770.982719354132,1948.9742892972558
55.9446945863406,-3.1860518677651473,SSW,55.944417422480846,-3.1861666727948568,1770.982719354132,1947.7242892972558
55.944417422480846,-3.1861666727948568,SSW,55.94414025862109,-3.1862814778245663,1770.982719354132,1946.4742892972558
55.94414025862109,-3.1862814778245663,SSW,55.94386309476133,-3.186396282854276,1770.982719354132,1945.2242892972558
55.94386309476133,-3.186396282854276,SSW,55.94358593090158,-3.1865110878839853,1770.982719354132,1943.9742892972558
55.94358593090158,-3.1865110878839853,SSW,55.94330876704182,-3.186625892913695,1770.982719354132,1942.7242892972558
55.94330876704182,-3.186625892913695,SSW,55.943031603182064,-3.1867406979434043,1770.982719354132,1941.4742892972558
55.943031603182064,-3.1867406979434043,SSW,55.94275443932231,-3.186855502973114,1795.009374412147,2057.3210149579913
55.94275443932231,-3.186855502973114,WNW,55.94286924435202,-3.1871326668328672,1795.009374412147,2056.0710149579913
55.94286924435202,-3.1871326668328672,WNW,55.94298404938173,-3.1874098306926206,1795.009374412147,2054.8210149579913
55.94298404938173,-3.1874098306926206,WNW,55.94309885441144,-3.187686994552374,1795.009374412147,2053.5710149579913
55.94309885441144,-3.187686994552374,WNW,55.94321365944115,-3.1879641584121274,1795.009374412147,2052.3210149579913
55.94321365944115,-3.1879641584121274,WNW,55.94332846447086,-3.188241322271881,1795.009374412147,2051.0710149579913
55.94332846447086,-3.188241322271881,WNW,55.94344326950057,-3.1885184861316342,1795.009374412147,2049.8210149579913
55.94344326950057,-3.1885184861316342,WNW,55.94355807453028,-3.1887956499913876,1795.009374412147,2048.5710149579913
55.94355807453028,-3.1887956499913876,WNW,55.94367287955999,-3.189072813851141,1795.009374412147,2047.3210149579913
55.94367287955999,-3.189072813851141,WNW,55.9437876845897,-3.1893499777108945,1795.009374412147,2046.0710149579913
55.9437876845897,-3.1893499777108945,WNW,55.94390248961941,-3.189627141570648,1795.009374412147,2044.8210149579913
55.94390248961941,-3.189627141570648,WNW,55.94401729464912,-3.1899043054304013,1795.009374412147,2043.5710149579913
55.94401729464912,-3.1899043054304013,WNW,55.94413209967883,-3.1901814692901547,1795.009374412147,2042.3210149579913
55.94413209967883,-3.1901814692901547,WNW,55.94424690470854,-3.190458633149908,1795.009374412147,2041.0710149579913
55.94424690470854,-3.190458633149908,WNW,55.94436170973825,-3.1907357970096615,1795.009374412147,2039.8210149579913
55.94436170973825,-3.1907357970096615,WNW,55.94447651476796,-3.191012960869415,1795.009374412147,2038.5710149579913
55.94447651476796,-3.191012960869415,WNW,55.944591319797674,-3.1912901247291683,1795.009374412147,2037.3210149579913
55.944591319797674,-3.1912901247291683,WNW,55.944706124827384,-3.1915672885889217,1795.009374412147,2036.0710149579913
55.944706124827384,-3.1915672885889217,WNW,55.944820929857094,-3.191844452448675,1795.009374412147,2034.8210149579913
55.944820929857094,-3.191844452448675,NW,55.94503306189145,-3.192056584483031,1795.009374412147,2033.5710149579913
55.94503306189145,-3.192056584483031,WNW,55.94514786692116,-3.1923337483427843,1880.4355508574222,2070.334812252771
55.94514786692116,-3.1923337483427843,E,55.94514786692116,-3.192033748342784,1880.4355508574222,2069.084812252771
55.94514786692116,-3.192033748342784,E,55.94514786692116,-3.191733748342784,1880.4355508574222,2067.834812252771
55.94514786692116,-3.191733748342784,ESE,55.94503306189145,-3.1914565844830305,1880.4355508574222,2066.584812252771
55.94503306189145,-3.1914565844830305,E,55.94503306189145,-3.1911565844830303,1880.4355508574222,2065.334812252771
55.94503306189145,-3.1911565844830303,ESE,55.94491825686174,-3.190879420623277,1880.4355508574222,2064.084812252771
55.94491825686174,-3.190879420623277,E,55.94491825686174,-3.1905794206232767,1880.4355508574222,2062.834812252771
55.94491825686174,-3.1905794206232767,ESE,55.94480345183203,-3.1903022567635233,1880.4355508574222,2061.584812252771
55.94480345183203,-3.1903022567635233,E,55.94480345183203,-3.190002256763523,1880.4355508574222,2060.334812252771
55.94480345183203,-3.190002256763523,ESE,55.94468864680232,-3.1897250929037697,1880.4355508574222,2059.084812252771
55.94468864680232,-3.1897250929037697,E,55.94468864680232,-3.1894250929037695,1880.4355508574222,2057.834812252771
55.94468864680232,-3.1894250929037695,ESE,55.94457384177261,-3.189147929044016,1880.4355508574222,2056.584812252771
55.94457384177261,-3.189147929044016,E,55.94457384177261,-3.188847929044016,1880.4355508574222,2055.334812252771
55.94457384177261,-3.188847929044016,ESE,55.9444590367429,-3.1885707651842625,1880.4355508574222,2054.084812252771
55.9444590367429,-3.1885707651842625,E,55.9444590367429,-3.1882707651842623,1880.4355508574222,2052.834812252771
55.9444590367429,-3.1882707651842623,WSW,55.94434423171319,-3.1885479290440157,1880.4355508574222,2051.584812252771
55.94434423171319,-3.1885479290440157,NE,55.944556363747544,-3.18833579700966,1880.4355508574222,2050.334812252771
55.944556363747544,-3.18833579700966,SSW,55.94427919988779,-3.1884506020393695,1880.4355508574222,2049.084812252771
55.94427919988779,-3.1884506020393695,N,55.94457919988779,-3.1884506020393695,1880.4355508574222,2047.834812252771
55.94457919988779,-3.1884506020393695,SSE,55.944302036028034,-3.18833579700966,1880.4355508574222,2046.584812252771
55.944302036028034,-3.18833579700966,NW,55.94451416806239,-3.1885479290440157,1880.4355508574222,2045.334812252771
55.94451416806239,-3.1885479290440157,ESE,55.94439936303268,-3.1882707651842623,1880.4355508574222,2044.084812252771
55.94439936303268,-3.1882707651842623,W,55.94439936303268,-3.1885707651842625,1880.4355508574222,2042.834812252771
55.94439936303268,-3.1885707651842625,ENE,55.94451416806239,-3.188293601324509,1880.4355508574222,2041.584812252771
55.94451416806239,-3.188293601324509,SW,55.944302036028034,-3.188505733358865,1880.4355508574222,2040.334812252771
55.944302036028034,-3.188505733358865,NNE,55.94457919988779,-3.1883909283291554,1880.4355508574222,2039.084812252771
55.94457919988779,-3.1883909283291554,S,55.94427919988779,-3.1883909283291554,1880.4355508574222,2037.834812252771
55.94427919988779,-3.1883909283291554,NNW,55.944556363747544,-3.188505733358865,1880.4355508574222,2036.584812252771
55.944556363747544,-3.188505733358865,SE,55.94434423171319,-3.188293601324509,1880.4355508574222,2035.334812252771
55.94434423171319,-3.188293601324509,NNW,55.944621395572945,-3.1884084063542186,1880.4355508574222,2034.084812252771
55.944621395572945,-3.1884084063542186,S,55.94432139557294,-3.1884084063542186,1880.4355508574222,2032.834812252771
55.94432139557294,-3.1884084063542186,NNE,55.9445985594327,-3.188293601324509,1880.4355508574222,2031.584812252771
55.9445985594327,-3.188293601324509,SW,55.94438642739834,-3.188505733358865,1880.4355508574222,2030.334812252771
55.94438642739834,-3.188505733358865,ENE,55.94450123242805,-3.1882285694991115,1880.4355508574222,2029.084812252771
55.94450123242805,-3.1882285694991115,SW,55.944289100393696,-3.1884407015334673,1880.4355508574222,2027.834812252771
55.944289100393696,-3.1884407015334673,NNE,55.94456626425345,-3.1883258965037578,1880.4355508574222,2026.584812252771
55.94456626425345,-3.1883258965037578,SW,55.9443541322191,-3.1885380285381135,1880.4355508574222,2025.334812252771
55.9443541322191,-3.1885380285381135,ENE,55.94446893724881,-3.18826086467836,1880.4355508574222,2024.084812252771
55.94446893724881,-3.18826086467836,W,55.94446893724881,-3.1885608646783603,1880.4355508574222,2022.834812252771
55.94446893724881,-3.1885608646783603,ESE,55.9443541322191,-3.188283700818607,1880.4355508574222,2021.584812252771
55.9443541322191,-3.188283700818607,NW,55.94456626425345,-3.1884958328529627,1880.4355508574222,2020.334812252771
55.94456626425345,-3.1884958328529627,SSE,55.944289100393696,-3.188381027823253,1880.4355508574222,2019.084812252771
55.944289100393696,-3.188381027823253,N,55.9445891003937,-3.188381027823253,1880.4355508574222,2017.834812252771
55.9445891003937,-3.188381027823253,SSW,55.94431193653394,-3.1884958328529627,1880.4355508574222,2016.584812252771
55.94431193653394,-3.1884958328529627,NE,55.9445240685683,-3.188283700818607,1880.4355508574222,2015.334812252771
55.9445240685683,-3.188283700818607,WSW,55.94440926353859,-3.1885608646783603,1880.4355508574222,2014.084812252771
55.94440926353859,-3.1885608646783603,E,55.94440926353859,-3.18826086467836,1880.4355508574222,2012.834812252771
55.94440926353859,-3.18826086467836,WNW,55.9445240685683,-3.1885380285381135,1880.4355508574222,2011.584812252771
55.9445240685683,-3.1885380285381135,SE,55.94431193653394,-3.1883258965037578,1880.4355508574222,2010.334812252771
55.94431193653394,-3.1883258965037578,NNW,55.9445891003937,-3.1884407015334673,1880.4355508574222,2009.084812252771
55.9445891003937,-3.1884407015334673,SE,55.94437696835934,-3.1882285694991115,1880.4355508574222,2007.834812252771
55.94437696835934,-3.1882285694991115,WNW,55.94449177338905,-3.188505733358865,1880.4355508574222,2006.584812252771
55.94449177338905,-3.188505733358865,SE,55.9442796413547,-3.188293601324509,1880.4355508574222,2005.334812252771
55.9442796413547,-3.188293601324509,NNW,55.944556805214454,-3.1884084063542186,1880.4355508574222,2004.084812252771
55.944556805214454,-3.1884084063542186,S,55.94425680521445,-3.1884084063542186,1880.4355508574222,2002.834812252771
55.94425680521445,-3.1884084063542186,NNE,55.94453396907421,-3.188293601324509,1880.4355508574222,2001.584812252771
55.94453396907421,-3.188293601324509,SW,55.94432183703985,-3.188505733358865,1880.4355508574222,2000.334812252771
55.94432183703985,-3.188505733358865,ENE,55.94443664206956,-3.1882285694991115,1880.4355508574222,1999.084812252771
55.94443664206956,-3.1882285694991115,W,55.94443664206956,-3.1885285694991117,1880.4355508574222,1997.834812252771
55.94443664206956,-3.1885285694991117,ESE,55.94432183703985,-3.1882514056393583,1880.4355508574222,1996.584812252771
55.94432183703985,-3.1882514056393583,NW,55.94453396907421,-3.188463537673714,1880.4355508574222,1995.334812252771
55.94453396907421,-3.188463537673714,SSE,55.94425680521445,-3.1883487326440045,1880.4355508574222,1994.084812252771
55.94425680521445,-3.1883487326440045,N,55.944556805214454,-3.1883487326440045,1880.4355508574222,1992.834812252771
55.944556805214454,-3.1883487326440045,SSW,55.9442796413547,-3.188463537673714,1880.4355508574222,1991.584812252771
55.9442796413547,-3.188463537673714,NE,55.94449177338905,-3.1882514056393583,1880.4355508574222,1990.334812252771
55.94449177338905,-3.1882514056393583,WSW,55.94437696835934,-3.1885285694991117,1880.4355508574222,1989.084812252771
55.94437696835934,-3.1885285694991117,NE,55.9445891003937,-3.188316437464756,1880.4355508574222,1987.834812252771
55.9445891003937,-3.188316437464756,SSW,55.94431193653394,-3.1884312424944654,1880.4355508574222,1986.584812252771
55.94431193653394,-3.1884312424944654,N,55.944611936533946,-3.1884312424944654,1880.4355508574222,1985.334812252771
55.944611936533946,-3.1884312424944654,SSE,55.94433477267419,-3.188316437464756,1880.4355508574222,1984.084812252771
55.94433477267419,-3.188316437464756,NW,55.944546904708545,-3.1885285694991117,1880.4355508574222,1982.834812252771
55.944546904708545,-3.1885285694991117,ESE,55.944432099678835,-3.1882514056393583,1880.4355508574222,1981.584812252771
55.944432099678835,-3.1882514056393583,W,55.944432099678835,-3.1885514056393585,1880.4355508574222,1980.334812252771
55.944432099678835,-3.1885514056393585,ESE,55.944317294649125,-3.188274241779605,1880.4355508574222,1979.084812252771
55.944317294649125,-3.188274241779605,NW,55.94452942668348,-3.188486373813961,1880.4355508574222,1977.834812252771
55.94452942668348,-3.188486373813961,SSE,55.944252262823724,-3.1883715687842513,1880.4355508574222,1976.584812252771
55.944252262823724,-3.1883715687842513,N,55.94455226282373,-3.1883715687842513,1880.4355508574222,1975.334812252771
55.94455226282373,-3.1883715687842513,SSW,55.94427509896397,-3.188486373813961,1880.4355508574222,1974.084812252771
55.94427509896397,-3.188486373813961,NE,55.94448723099833,-3.188274241779605,1880.4355508574222,1972.834812252771
55.94448723099833,-3.188274241779605,WSW,55.944372425968616,-3.1885514056393585,1880.4355508574222,1971.584812252771
55.944372425968616,-3.1885514056393585,E,55.944372425968616,-3.1882514056393583,1880.4355508574222,1970.334812252771
55.944372425968616,-3.1882514056393583,WNW,55.94448723099833,-3.1885285694991117,1880.4355508574222,1969.084812252771
55.94448723099833,-3.1885285694991117,SE,55.94427509896397,-3.188316437464756,1880.4355508574222,1967.834812252771
55.94427509896397,-3.188316437464756,NNW,55.94455226282373,-3.1884312424944654,1880.4355508574222,1966.584812252771
55.94455226282373,-3.1884312424944654,S,55.944252262823724,-3.1884312424944654,1880.4355508574222,1965.334812252771
55.944252262823724,-3.1884312424944654,NNE,55.94452942668348,-3.188316437464756,1880.4355508574222,1964.084812252771
55.94452942668348,-3.188316437464756,SW,55.944317294649125,-3.1885285694991117,1880.4355508574222,1962.834812252771
55.944317294649125,-3.1885285694991117,NNE,55.94459445850888,-3.188413764469402,1880.4355508574222,1961.584812252771
55.94459445850888,-3.188413764469402,S,55.94429445850888,-3.188413764469402,1880.4355508574222,1960.334812252771
55.94429445850888,-3.188413764469402,NNE,55.944571622368635,-3.1882989594396927,1880.4355508574222,1959.084812252771
55.944571622368635,-3.1882989594396927,SW,55.94435949033428,-3.1885110914740484,1880.4355508574222,1957.834812252771
55.94435949033428,-3.1885110914740484,ENE,55.94447429536399,-3.188233927614295,1880.4355508574222,1956.584812252771
55.94447429536399,-3.188233927614295,W,55.94447429536399,-3.188533927614295,1880.4355508574222,1955.334812252771
55.94447429536399,-3.188533927614295,ESE,55.94435949033428,-3.188256763754542,1880.4355508574222,1954.084812252771
55.94435949033428,-3.188256763754542,NW,55.944571622368635,-3.1884688957888976,1880.4355508574222,1952.834812252771
55.944571622368635,-3.1884688957888976,SSE,55.94429445850888,-3.188354090759188,1880.4355508574222,1951.584812252771
55.94429445850888,-3.188354090759188,N,55.94459445850888,-3.188354090759188,1880.4355508574222,1950.334812252771
55.94459445850888,-3.188354090759188,SSW,55.944317294649125,-3.1884688957888976,1880.4355508574222,1949.084812252771
55.944317294649125,-3.1884688957888976,NE,55.94452942668348,-3.188256763754542,1880.4355508574222,1947.834812252771
55.94452942668348,-3.188256763754542,WSW,55.94441462165377,-3.188533927614295,1880.4355508574222,1946.584812252771
55.94441462165377,-3.188533927614295,E,55.94441462165377,-3.188233927614295,1880.4355508574222,1945.334812252771
55.94441462165377,-3.188233927614295,WNW,55.94452942668348,-3.1885110914740484,1880.4355508574222,1944.084812252771
55.94452942668348,-3.1885110914740484,SE,55.944317294649125,-3.1882989594396927,1880.4355508574222,1942.834812252771
55.944317294649125,-3.1882989594396927,WNW,55.944432099678835,-3.188576123299446,1880.4355508574222,1941.584812252771
55.944432099678835,-3.188576123299446,E,55.944432099678835,-3.188276123299446,1880.4355508574222,1940.334812252771
55.944432099678835,-3.188276123299446,WSW,55.944317294649125,-3.1885532871591993,1880.4355508574222,1939.084812252771
55.944317294649125,-3.1885532871591993,NE,55.94452942668348,-3.1883411551248435,1880.4355508574222,1937.834812252771
55.94452942668348,-3.1883411551248435,SSW,55.944252262823724,-3.188455960154553,1880.4355508574222,1936.584812252771
55.944252262823724,-3.188455960154553,N,55.94455226282373,-3.188455960154553,1880.4355508574222,1935.334812252771
55.94455226282373,-3.188455960154553,SSE,55.94427509896397,-3.1883411551248435,1880.4355508574222,1934.084812252771
55.94427509896397,-3.1883411551248435,N,55.94457509896397,-3.1883411551248435,1880.4355508574222,1932.834812252771
55.94457509896397,-3.1883411551248435,SSW,55.94429793510422,-3.188455960154553,1880.4355508574222,1931.584812252771
55.94429793510422,-3.188455960154553,NE,55.94451006713857,-3.1882438281201972,1880.4355508574222,1930.334812252771
55.94451006713857,-3.1882438281201972,WSW,55.94439526210886,-3.1885209919799506,1880.4355508574222,1929.084812252771
55.94439526210886,-3.1885209919799506,E,55.94439526210886,-3.1882209919799505,1880.4355508574222,1927.834812252771
55.94439526210886,-3.1882209919799505,WNW,55.94451006713857,-3.188498155839704,1880.4355508574222,1926.584812252771
55.94451006713857,-3.188498155839704,SE,55.94429793510422,-3.188286023805348,1880.4355508574222,1925.334812252771
55.94429793510422,-3.188286023805348,NNW,55.94457509896397,-3.1884008288350576,1880.4355508574222,1924.084812252771
55.94457509896397,-3.1884008288350576,S,55.94427509896397,-3.1884008288350576,1880.4355508574222,1922.834812252771
55.94427509896397,-3.1884008288350576,NNE,55.94455226282373,-3.188286023805348,1880.4355508574222,1921.584812252771
55.94455226282373,-3.188286023805348,SW,55.94434013078937,-3.188498155839704,1880.4355508574222,1920.334812252771
55.94434013078937,-3.188498155839704,ENE,55.94445493581908,-3.1882209919799505,1880.4355508574222,1919.084812252771
55.94445493581908,-3.1882209919799505,W,55.94445493581908,-3.1885209919799506,1880.4355508574222,1917.834812252771
55.94445493581908,-3.1885209919799506,ESE,55.94434013078937,-3.1882438281201972,1880.4355508574222,1916.584812252771
55.94434013078937,-3.1882438281201972,W,55.94434013078937,-3.1885438281201974,1880.4355508574222,1915.334812252771
55.94434013078937,-3.1885438281201974,ENE,55.94445493581908,-3.188266664260444,1880.4355508574222,1914.084812252771
55.94445493581908,-3.188266664260444,W,55.94445493581908,-3.188566664260444,1880.4355508574222,1912.834812252771
55.94445493581908,-3.188566664260444,ESE,55.94434013078937,-3.188289500400691,1880.4355508574222,1911.584812252771
55.94434013078937,-3.188289500400691,NW,55.94455226282373,-3.1885016324350466,1880.4355508574222,1910.334812252771
55.94455226282373,-3.1885016324350466,SSE,55.94427509896397,-3.188386827405337,1880.4355508574222,1909.084812252771
55.94427509896397,-3.188386827405337,N,55.94457509896397,-3.188386827405337,1880.4355508574222,1907.834812252771
55.94457509896397,-3.188386827405337,SSW,55.94429793510422,-3.1885016324350466,1880.4355508574222,1906.584812252771
55.94429793510422,-3.1885016324350466,NE,55.94451006713857,-3.188289500400691,1880.4355508574222,1905.334812252771
55.94451006713857,-3.188289500400691,WSW,55.94439526210886,-3.188566664260444,1880.4355508574222,1904.084812252771
55.94439526210886,-3.188566664260444,E,55.94439526210886,-3.188266664260444,1880.4355508574222,1902.834812252771
55.94439526210886,-3.188266664260444,WNW,55.94451006713857,-3.1885438281201974,1880.4355508574222,1901.584812252771
55.94451006713857,-3.1885438281201974,SE,55.94429793510422,-3.1883316960858417,1880.4355508574222,1900.334812252771
55.94429793510422,-3.1883316960858417,NNW,55.94457509896397,-3.188446501115551,1880.4355508574222,1899.084812252771
55.94457509896397,-3.188446501115551,S,55.94427509896397,-3.188446501115551,1880.4355508574222,1897.834812252771
55.94427509896397,-3.188446501115551,NNE,55.94455226282373,-3.1883316960858417,1880.4355508574222,1896.584812252771
55.94455226282373,-3.1883316960858417,S,55.944252262823724,-3.1883316960858417,1880.4355508574222,1895.334812252771
55.944252262823724,-3.1883316960858417,NNW,55.94452942668348,-3.188446501115551,1880.4355508574222,1894.084812252771
55.94452942668348,-3.188446501115551,SE,55.944317294649125,-3.1882343690811954,1880.4355508574222,1892.834812252771
55.944317294649125,-3.1882343690811954,WNW,55.944432099678835,-3.188511532940949,1880.4355508574222,1891.584812252771
55.944432099678835,-3.188511532940949,E,55.944432099678835,-3.1882115329409486,1880.4355508574222,1890.334812252771
55.944432099678835,-3.1882115329409486,WSW,55.944317294649125,-3.188488696800702,1880.4355508574222,1889.084812252771
55.944317294649125,-3.188488696800702,NE,55.94452942668348,-3.1882765647663462,1880.4355508574222,1887.834812252771
