55.944425,-3.188396,N,55.944725000000005,-3.188396,0.0,248.75
55.944725000000005,-3.188396,NNE,55.94500216385976,-3.1882811949702905,25.52086040381181,275.49680392551267
55.94500216385976,-3.1882811949702905,W,55.94500216385976,-3.1885811949702907,25.52086040381181,274.24680392551267
55.94500216385976,-3.1885811949702907,NNW,55.94527932771952,-3.188696,39.170068963289864,327.0446865350939
55.94527932771952,-3.188696,N,55.94557932771952,-3.188696,39.170068963289864,325.7946865350939
55.94557932771952,-3.188696,ENE,55.94569413274923,-3.188418836140247,39.170068963289864,324.5446865350939
55.94569413274923,-3.188418836140247,E,55.94569413274923,-3.1881188361402466,100.30693307357856,353.11515320520624
55.94569413274923,-3.1881188361402466,N,55.945994132749234,-3.1881188361402466,153.1271513883707,405.131638310401
55.945994132749234,-3.1881188361402466,ENE,55.946108937778945,-3.187841672280493,153.1271513883707,403.881638310401
55.946108937778945,-3.187841672280493,ESE,55.945994132749234,-3.18756450842074,153.1271513883707,402.631638310401
55.945994132749234,-3.18756450842074,SE,55.94578200071488,-3.187352376386384,153.1271513883707,401.381638310401
55.94578200071488,-3.187352376386384,SSE,55.94550483685512,-3.1872375713566745,158.72075402778881,440.2936218070955
55.94550483685512,-3.1872375713566745,S,55.94520483685512,-3.1872375713566745,158.72075402778881,439.0436218070955
55.94520483685512,-3.1872375713566745,SSW,55.94492767299536,-3.187352376386384,158.72075402778881,437.7936218070955
55.94492767299536,-3.187352376386384,S,55.94462767299536,-3.187352376386384,278.08551289766854,523.2875236416904
55.94462767299536,-3.187352376386384,SSE,55.9443505091356,-3.1872375713566745,278.08551289766854,522.0375236416904
55.9443505091356,-3.1872375713566745,SW,55.94413837710125,-3.1874497033910303,293.58237578682736,542.1604338762354
55.94413837710125,-3.1874497033910303,S,55.943838377101244,-3.1874497033910303,324.77103936557705,645.915396460341
55.943838377101244,-3.1874497033910303,S,55.94353837710124,-3.1874497033910303,324.77103936557705,644.665396460341
55.94353837710124,-3.1874497033910303,S,55.94323837710124,-3.1874497033910303,324.77103936557705,643.415396460341
55.94323837710124,-3.1874497033910303,S,55.942938377101235,-3.1874497033910303,347.57785493196803,684.5303019808866
55.942938377101235,-3.1874497033910303,SSE,55.94266121324148,-3.187334898361321,436.5651964391196,759.7546172969171
55.94266121324148,-3.187334898361321,ENE,55.94277601827119,-3.1870577345015674,436.5651964391196,758.5046172969171
55.94277601827119,-3.1870577345015674,ENE,55.9428908233009,-3.186780570641814,436.5651964391196,757.2546172969171
55.9428908233009,-3.186780570641814,ENE,55.94300562833061,-3.1865034067820606,436.5651964391196,756.0046172969171
55.94300562833061,-3.1865034067820606,ENE,55.94312043336032,-3.186226242922307,479.39309774435276,776.9630808286347
55.94312043336032,-3.186226242922307,N,55.94342043336032,-3.186226242922307,533.4324276634883,803.3134575768365
55.94342043336032,-3.186226242922307,SE,55.94320830132597,-3.1860141108879514,533.4324276634883,802.0634575768365
55.94320830132597,-3.1860141108879514,SE,55.94299616929161,-3.1858019788535956,645.230837051856,835.2817772535656
55.94299616929161,-3.1858019788535956,NNE,55.94327333315137,-3.185687173823886,645.230837051856,834.0317772535656
55.94327333315137,-3.185687173823886,NE,55.943485465185724,-3.1854750417895303,645.230837051856,832.7817772535656
55.943485465185724,-3.1854750417895303,NNE,55.94376262904548,-3.185360236759821,664.7392477441022,906.2387789026925
55.94376262904548,-3.185360236759821,ESE,55.94364782401577,-3.1850830729000674,664.7392477441022,904.9887789026925
55.94364782401577,-3.1850830729000674,ESE,55.94353301898606,-3.184805909040314,664.7392477441022,903.7387789026925
55.94353301898606,-3.184805909040314,SE,55.9433208869517,-3.1845937770059582,775.8772364354373,1020.4357579888098
55.9433208869517,-3.1845937770059582,N,55.943620886951706,-3.1845937770059582,775.8772364354373,1019.1857579888098
55.943620886951706,-3.1845937770059582,N,55.94392088695171,-3.1845937770059582,775.8772364354373,1017.9357579888098
55.94392088695171,-3.1845937770059582,N,55.94422088695171,-3.1845937770059582,775.8772364354373,1016.6857579888098
55.94422088695171,-3.1845937770059582,NNE,55.94449805081147,-3.1844789719762487,775.8772364354373,1015.4357579888098
55.94449805081147,-3.1844789719762487,N,55.94479805081147,-3.1844789719762487,818.2006217054484,1079.4841338749009
55.94479805081147,-3.1844789719762487,N,55.945098050811474,-3.1844789719762487,887.3444000536314,1126.3455421645103
55.945098050811474,-3.1844789719762487,NW,55.94531018284583,-3.1846911040106045,957.650469920494,1239.6567685589982
55.94531018284583,-3.1846911040106045,NNE,55.94558734670559,-3.184576298980895,1071.2460105034695,1299.1259361951306
55.94558734670559,-3.184576298980895,WNW,55.9457021517353,-3.1848534628406484,1071.2460105034695,1297.8759361951306
55.9457021517353,-3.1848534628406484,WNW,55.94581695676501,-3.185130626700402,1071.2460105034695,1296.6259361951306
55.94581695676501,-3.185130626700402,W,55.94581695676501,-3.185430626700402,1071.2460105034695,1295.3759361951306
55.94581695676501,-3.185430626700402,WNW,55.94593176179472,-3.1857077905601554,1111.0640372534497,1406.3203979290233
55.94593176179472,-3.1857077905601554,SSW,55.94565459793496,-3.185822595589865,1111.0640372534497,1405.0703979290233
55.94565459793496,-3.185822595589865,SSW,55.945377434075205,-3.1859374006195744,1111.0640372534497,1403.8203979290233
55.945377434075205,-3.1859374006195744,SSW,55.94510027021545,-3.186052205649284,1111.0640372534497,1402.5703979290233
55.94510027021545,-3.186052205649284,SSW,55.94482310635569,-3.1861670106789934,1111.0640372534497,1401.3203979290233
55.94482310635569,-3.1861670106789934,SSW,55.944545942495935,-3.186281815708703,1111.0640372534497,1400.0703979290233
55.944545942495935,-3.186281815708703,SW,55.94433381046158,-3.1864939477430587,1207.826039264603,1432.442861507528
55.94433381046158,-3.1864939477430587,WSW,55.94421900543187,-3.186771111602812,1207.826039264603,1431.192861507528
55.94421900543187,-3.186771111602812,WSW,55.94410420040216,-3.1870482754625655,1207.826039264603,1429.942861507528
55.94410420040216,-3.1870482754625655,SW,55.9438920683678,-3.1872604074969213,1207.826039264603,1428.692861507528
55.9438920683678,-3.1872604074969213,WSW,55.94377726333809,-3.1875375713566747,1207.826039264603,1427.442861507528
55.94377726333809,-3.1875375713566747,WSW,55.94366245830838,-3.187814735216428,1207.826039264603,1426.192861507528
55.94366245830838,-3.187814735216428,WSW,55.94354765327867,-3.1880918990761815,1207.826039264603,1424.942861507528
55.94354765327867,-3.1880918990761815,SW,55.943335521244315,-3.1883040311105373,1207.826039264603,1423.692861507528
55.943335521244315,-3.1883040311105373,WSW,55.943220716214604,-3.1885811949702907,1207.826039264603,1422.442861507528
55.943220716214604,-3.1885811949702907,SW,55.94300858418025,-3.1887933270046465,1207.826039264603,1421.192861507528
55.94300858418025,-3.1887933270046465,WSW,55.94289377915054,-3.1890704908644,1207.826039264603,1419.942861507528
55.94289377915054,-3.1890704908644,SW,55.94268164711618,-3.1892826228987556,1312.5034793650052,1489.8196531180113
55.94268164711618,-3.1892826228987556,NNW,55.94295881097594,-3.189397427928465,1312.5034793650052,1488.5696531180113
55.94295881097594,-3.189397427928465,NNW,55.943235974835694,-3.1895122329581747,1312.5034793650052,1487.3196531180113
55.943235974835694,-3.1895122329581747,NNW,55.94351313869545,-3.189627037987884,1312.5034793650052,1486.0696531180113
55.94351313869545,-3.189627037987884,NNW,55.94379030255521,-3.1897418430175937,1312.5034793650052,1484.8196531180113
55.94379030255521,-3.1897418430175937,NNW,55.944067466414964,-3.189856648047303,1414.668788420999,1568.245416515115
55.944067466414964,-3.189856648047303,WNW,55.944182271444674,-3.1901338119070566,1414.668788420999,1566.995416515115
55.944182271444674,-3.1901338119070566,W,55.944182271444674,-3.1904338119070568,1430.423383529413,1624.5190593173252
55.944182271444674,-3.1904338119070568,SSW,55.94390510758492,-3.1905486169367663,1479.0794267842398,1690.5093307913808
55.94390510758492,-3.1905486169367663,SW,55.94369297555056,-3.190760748971122,1479.0794267842398,1689.2593307913808
55.94369297555056,-3.190760748971122,SSW,55.943415811690805,-3.1908755540008316,1511.2846740239677,1775.7562594790118
55.943415811690805,-3.1908755540008316,NNW,55.94369297555056,-3.190990359030541,1511.2846740239677,1774.5062594790118
55.94369297555056,-3.190990359030541,NNW,55.94397013941032,-3.1911051640602506,1511.2846740239677,1773.2562594790118
55.94397013941032,-3.1911051640602506,NW,55.944182271444674,-3.1913172960946063,1511.2846740239677,1772.0062594790118
55.944182271444674,-3.1913172960946063,NW,55.94439440347903,-3.191529428128962,1511.2846740239677,1770.7562594790118
55.94439440347903,-3.191529428128962,NW,55.94460653551339,-3.191741560163318,1524.3944799300368,1797.1944083769704
55.94460653551339,-3.191741560163318,WSW,55.944491730483676,-3.1920187240230713,1556.453793120536,1879.868210198872
55.944491730483676,-3.1920187240230713,NNW,55.94476889434343,-3.192133529052781,1556.453793120536,1878.618210198872
55.94476889434343,-3.192133529052781,NNW,55.94504605820319,-3.1922483340824903,1556.453793120536,1877.368210198872
55.94504605820319,-3.1922483340824903,N,55.94534605820319,-3.1922483340824903,1620.8481423202884,1959.6273707916457
55.94534605820319,-3.1922483340824903,ENE,55.9454608632329,-3.191971170222737,1620.8481423202884,1958.3773707916457
55.9454608632329,-3.191971170222737,ENE,55.94557566826261,-3.1916940063629835,1704.2886399690058,1972.216651535807
55.94557566826261,-3.1916940063629835,ENE,55.94569047329232,-3.19141684250323,1704.2886399690058,1970.966651535807
55.94569047329232,-3.19141684250323,NE,55.94590260532668,-3.1912047104688743,1722.0970804797653,2052.550797315607
55.94590260532668,-3.1912047104688743,NNW,55.946179769186436,-3.191319515498584,1790.1325372981357,2156.3505183811712
55.946179769186436,-3.191319515498584,SE,55.94596763715208,-3.191107383464228,1790.1325372981357,2155.1005183811712
55.94596763715208,-3.191107383464228,SE,55.945755505117724,-3.1908952514298723,1790.1325372981357,2153.8505183811712
55.945755505117724,-3.1908952514298723,SE,55.94554337308337,-3.1906831193955165,1790.1325372981357,2152.6005183811712
55.94554337308337,-3.1906831193955165,SE,55.94533124104901,-3.1904709873611607,1903.8746468146405,2181.2212112054044
55.94533124104901,-3.1904709873611607,NE,55.94554337308337,-3.190258855326805,1903.8746468146405,2179.9712112054044
55.94554337308337,-3.190258855326805,NE,55.945755505117724,-3.190046723292449,1903.8746468146405,2178.7212112054044
55.945755505117724,-3.190046723292449,NE,55.94596763715208,-3.1898345912580934,1903.8746468146405,2177.4712112054044
55.94596763715208,-3.1898345912580934,NE,55.946179769186436,-3.1896224592237377,1903.8746468146405,2176.2212112054044
55.946179769186436,-3.1896224592237377,SE,55.94596763715208,-3.189410327189382,1903.8746468146405,2174.9712112054044
55.94596763715208,-3.189410327189382,NE,55.946179769186436,-3.189198195155026,1903.8746468146405,2173.7212112054044
55.946179769186436,-3.189198195155026,SE,55.94596763715208,-3.1889860631206703,1903.8746468146405,2172.4712112054044
55.94596763715208,-3.1889860631206703,NE,55.946179769186436,-3.1887739310863146,1903.8746468146405,2171.2212112054044
55.946179769186436,-3.1887739310863146,SE,55.94596763715208,-3.188561799051959,1903.8746468146405,2169.9712112054044
55.94596763715208,-3.188561799051959,NE,55.946179769186436,-3.188349667017603,1903.8746468146405,2168.7212112054044
55.946179769186436,-3.188349667017603,SE,55.94596763715208,-3.1881375349832473,1903.8746468146405,2167.4712112054044
55.94596763715208,-3.1881375349832473,NE,55.946179769186436,-3.1879254029488915,1903.8746468146405,2166.2212112054044
55.946179769186436,-3.1879254029488915,E,55.946179769186436,-3.1876254029488913,1903.8746468146405,2164.9712112054044
55.946179769186436,-3.1876254029488913,SE,55.94596763715208,-3.1874132709145355,1903.8746468146405,2163.7212112054044
55.94596763715208,-3.1874132709145355,NE,55.946179769186436,-3.1872011388801798,1903.8746468146405,2162.4712112054044
55.946179769186436,-3.1872011388801798,SE,55.94596763715208,-3.186989006845824,1903.8746468146405,2161.2212112054044
55.94596763715208,-3.186989006845824,NE,55.946179769186436,-3.186776874811468,1903.8746468146405,2159.9712112054044
55.946179769186436,-3.186776874811468,SE,55.94596763715208,-3.1865647427771124,1903.8746468146405,2158.7212112054044
55.94596763715208,-3.1865647427771124,NE,55.946179769186436,-3.1863526107427567,1903.8746468146405,2157.4712112054044
55.946179769186436,-3.1863526107427567,SE,55.94596763715208,-3.186140478708401,1903.8746468146405,2156.2212112054044
55.94596763715208,-3.186140478708401,NE,55.946179769186436,-3.185928346674045,1903.8746468146405,2154.9712112054044
55.946179769186436,-3.185928346674045,SE,55.94596763715208,-3.1857162146396893,1903.8746468146405,2153.7212112054044
55.94596763715208,-3.1857162146396893,NE,55.946179769186436,-3.1855040826053336,1903.8746468146405,2152.4712112054044
55.946179769186436,-3.1855040826053336,SE,55.94596763715208,-3.185291950570978,1903.8746468146405,2151.2212112054044
55.94596763715208,-3.185291950570978,NE,55.946179769186436,-3.185079818536622,1903.8746468146405,2149.9712112054044
55.946179769186436,-3.185079818536622,SE,55.94596763715208,-3.1848676865022663,1903.8746468146405,2148.7212112054044
55.94596763715208,-3.1848676865022663,NE,55.946179769186436,-3.1846555544679105,1903.8746468146405,2147.4712112054044
55.946179769186436,-3.1846555544679105,SE,55.94596763715208,-3.1844434224335547,1903.8746468146405,2146.2212112054044
55.94596763715208,-3.1844434224335547,SW,55.945755505117724,-3.1846555544679105,1903.8746468146405,2144.9712112054044
55.945755505117724,-3.1846555544679105,SE,55.94554337308337,-3.1844434224335547,1903.8746468146405,2143.7212112054044
55.94554337308337,-3.1844434224335547,SW,55.94533124104901,-3.1846555544679105,1903.8746468146405,2142.4712112054044
55.94533124104901,-3.1846555544679105,SE,55.945119109014655,-3.1844434224335547,1903.8746468146405,2141.2212112054044
55.945119109014655,-3.1844434224335547,SW,55.9449069769803,-3.1846555544679105,1903.8746468146405,2139.9712112054044
55.9449069769803,-3.1846555544679105,SE,55.94469484494594,-3.1844434224335547,1903.8746468146405,2138.7212112054044
55.94469484494594,-3.1844434224335547,SW,55.94448271291159,-3.1846555544679105,1903.8746468146405,2137.4712112054044
55.94448271291159,-3.1846555544679105,SE,55.94427058087723,-3.1844434224335547,1903.8746468146405,2136.2212112054044
55.94427058087723,-3.1844434224335547,SW,55.944058448842874,-3.1846555544679105,1903.8746468146405,2134.9712112054044
55.944058448842874,-3.1846555544679105,SE,55.94384631680852,-3.1844434224335547,1903.8746468146405,2133.7212112054044
55.94384631680852,-3.1844434224335547,SW,55.94363418477416,-3.1846555544679105,1903.8746468146405,2132.4712112054044
55.94363418477416,-3.1846555544679105,SE,55.943422052739805,-3.1844434224335547,1903.8746468146405,2131.2212112054044
55.943422052739805,-3.1844434224335547,SW,55.94320992070545,-3.1846555544679105,1903.8746468146405,2129.9712112054044
55.94320992070545,-3.1846555544679105,SE,55.94299778867109,-3.1844434224335547,1903.8746468146405,2128.7212112054044
55.94299778867109,-3.1844434224335547,SW,55.94278565663674,-3.1846555544679105,1903.8746468146405,2127.4712112054044
55.94278565663674,-3.1846555544679105,NW,55.94299778867109,-3.1848676865022663,1903.8746468146405,2126.2212112054044
55.94299778867109,-3.1848676865022663,SW,55.94278565663674,-3.185079818536622,1903.8746468146405,2124.9712112054044
55.94278565663674,-3.185079818536622,NW,55.94299778867109,-3.185291950570978,1903.8746468146405,2123.7212112054044
55.94299778867109,-3.185291950570978,SW,55.94278565663674,-3.1855040826053336,1903.8746468146405,2122.4712112054044
55.94278565663674,-3.1855040826053336,NW,55.94299778867109,-3.1857162146396893,1903.8746468146405,2121.2212112054044
55.94299778867109,-3.1857162146396893,NE,55.94320992070545,-3.1855040826053336,1903.8746468146405,2119.9712112054044
55.94320992070545,-3.1855040826053336,NW,55.943422052739805,-3.1857162146396893,1903.8746468146405,2118.7212112054044
55.943422052739805,-3.1857162146396893,NE,55.94363418477416,-3.1855040826053336,1903.8746468146405,2117.4712112054044
55.94363418477416,-3.1855040826053336,NE,55.94384631680852,-3.185291950570978,1903.8746468146405,2116.2212112054044
55.94384631680852,-3.185291950570978,NE,55.944058448842874,-3.185079818536622,1903.8746468146405,2114.9712112054044
55.944058448842874,-3.185079818536622,NE,55.94427058087723,-3.1848676865022663,1903.8746468146405,2113.7212112054044
55.94427058087723,-3.1848676865022663,NW,55.94448271291159,-3.185079818536622,1903.8746468146405,2112.4712112054044
55.94448271291159,-3.185079818536622,NE,55.94469484494594,-3.1848676865022663,1903.8746468146405,2111.2212112054044
55.94469484494594,-3.1848676865022663,NW,55.9449069769803,-3.185079818536622,1903.8746468146405,2109.9712112054044
55.9449069769803,-3.185079818536622,NE,55.945119109014655,-3.1848676865022663,1903.8746468146405,2108.7212112054044
55.945119109014655,-3.1848676865022663,NW,55.94533124104901,-3.185079818536622,1903.8746468146405,2107.4712112054044
55.94533124104901,-3.185079818536622,NE,55.94554337308337,-3.1848676865022663,1903.8746468146405,2106.2212112054044
55.94554337308337,-3.1848676865022663,NW,55.945755505117724,-3.185079818536622,1903.8746468146405,2104.9712112054044
55.945755505117724,-3.185079818536622,SW,55.94554337308337,-3.185291950570978,1903.8746468146405,2103.7212112054044
55.94554337308337,-3.185291950570978,SW,55.94533124104901,-3.1855040826053336,1903.8746468146405,2102.4712112054044
55.94533124104901,-3.1855040826053336,SE,55.945119109014655,-3.185291950570978,1903.8746468146405,2101.2212112054044
55.945119109014655,-3.185291950570978,SW,55.9449069769803,-3.1855040826053336,1903.8746468146405,2099.9712112054044
55.9449069769803,-3.1855040826053336,SE,55.94469484494594,-3.185291950570978,1903.8746468146405,2098.7212112054044
55.94469484494594,-3.185291950570978,SW,55.94448271291159,-3.1855040826053336,1903.8746468146405,2097.4712112054044
55.94448271291159,-3.1855040826053336,SE,55.94427058087723,-3.185291950570978,1903.8746468146405,2096.2212112054044
55.94427058087723,-3.185291950570978,SW,55.944058448842874,-3.1855040826053336,1903.8746468146405,2094.9712112054044
55.944058448842874,-3.1855040826053336,SW,55.94384631680852,-3.1857162146396893,1903.8746468146405,2093.7212112054044
55.94384631680852,-3.1857162146396893,SW,55.94363418477416,-3.185928346674045,1903.8746468146405,2092.4712112054044
55.94363418477416,-3.185928346674045,SW,55.943422052739805,-3.186140478708401,1903.8746468146405,2091.2212112054044
55.943422052739805,-3.186140478708401,SE,55.94320992070545,-3.185928346674045,1903.8746468146405,2089.9712112054044
55.94320992070545,-3.185928346674045,SW,55.94299778867109,-3.186140478708401,1903.8746468146405,2088.7212112054044
55.94299778867109,-3.186140478708401,SE,55.94278565663674,-3.185928346674045,1903.8746468146405,2087.4712112054044
55.94278565663674,-3.185928346674045,E,55.94278565663674,-3.185628346674045,1903.8746468146405,2086.2212112054044
55.94278565663674,-3.185628346674045,NE,55.94299778867109,-3.185416214639689,1903.8746468146405,2084.9712112054044
55.94299778867109,-3.185416214639689,SE,55.94278565663674,-3.1852040826053334,1903.8746468146405,2083.7212112054044
55.94278565663674,-3.1852040826053334,NE,55.94299778867109,-3.1849919505709776,1903.8746468146405,2082.4712112054044
55.94299778867109,-3.1849919505709776,NE,55.94320992070545,-3.184779818536622,1903.8746468146405,2081.2212112054044
55.94320992070545,-3.184779818536622,NE,55.943422052739805,-3.184567686502266,1903.8746468146405,2079.9712112054044
55.943422052739805,-3.184567686502266,NE,55.94363418477416,-3.1843555544679103,1903.8746468146405,2078.7212112054044
55.94363418477416,-3.1843555544679103,NW,55.94384631680852,-3.184567686502266,1903.8746468146405,2077.4712112054044
55.94384631680852,-3.184567686502266,NE,55.944058448842874,-3.1843555544679103,1903.8746468146405,2076.2212112054044
55.944058448842874,-3.1843555544679103,NW,55.94427058087723,-3.184567686502266,1903.8746468146405,2074.9712112054044
55.94427058087723,-3.184567686502266,NE,55.94448271291159,-3.1843555544679103,1903.8746468146405,2073.7212112054044
55.94448271291159,-3.1843555544679103,NW,55.94469484494594,-3.184567686502266,1903.8746468146405,2072.4712112054044
55.94469484494594,-3.184567686502266,NE,55.9449069769803,-3.1843555544679103,1903.8746468146405,2071.2212112054044
55.9449069769803,-3.1843555544679103,NW,55.945119109014655,-3.184567686502266,1903.8746468146405,2069.9712112054044
55.945119109014655,-3.184567686502266,NE,55.94533124104901,-3.1843555544679103,1903.8746468146405,2068.7212112054044
55.94533124104901,-3.1843555544679103,NW,55.94554337308337,-3.184567686502266,1903.8746468146405,2067.4712112054044
55.94554337308337,-3.184567686502266,NE,55.945755505117724,-3.1843555544679103,1903.8746468146405,2066.2212112054044
55.945755505117724,-3.1843555544679103,NW,55.94596763715208,-3.184567686502266,1903.8746468146405,2064.9712112054044
55.94596763715208,-3.184567686502266,NE,55.946179769186436,-3.1843555544679103,1903.8746468146405,2063.7212112054044
55.946179769186436,-3.1843555544679103,WSW,55.946064964156726,-3.1846327183276637,1903.8746468146405,2062.4712112054044
55.946064964156726,-3.1846327183276637,SE,55.94585283212237,-3.184420586293308,1903.8746468146405,2061.2212112054044
55.94585283212237,-3.184420586293308,SW,55.94564070008801,-3.1846327183276637,1903.8746468146405,2059.9712112054044
55.94564070008801,-3.1846327183276637,SE,55.94542856805366,-3.184420586293308,1903.8746468146405,2058.7212112054044
55.94542856805366,-3.184420586293308,SW,55.9452164360193,-3.1846327183276637,1903.8746468146405,2057.4712112054044
55.9452164360193,-3.1846327183276637,SE,55.945004303984945,-3.184420586293308,1903.8746468146405,2056.2212112054044
55.945004303984945,-3.184420586293308,SW,55.94479217195059,-3.1846327183276637,1903.8746468146405,2054.9712112054044
55.94479217195059,-3.1846327183276637,SE,55.94458003991623,-3.184420586293308,1903.8746468146405,2053.7212112054044
55.94458003991623,-3.184420586293308,SW,55.944367907881876,-3.1846327183276637,1903.8746468146405,2052.4712112054044
55.944367907881876,-3.1846327183276637,SE,55.94415577584752,-3.184420586293308,1903.8746468146405,2051.2212112054044
55.94415577584752,-3.184420586293308,SW,55.943943643813164,-3.1846327183276637,1903.8746468146405,2049.9712112054044
55.943943643813164,-3.1846327183276637,SE,55.94373151177881,-3.184420586293308,1903.8746468146405,2048.7212112054044
55.94373151177881,-3.184420586293308,SW,55.94351937974445,-3.1846327183276637,1903.8746468146405,2047.4712112054044
55.94351937974445,-3.1846327183276637,SE,55.943307247710095,-3.184420586293308,1903.8746468146405,2046.2212112054044
55.943307247710095,-3.184420586293308,SW,55.94309511567574,-3.1846327183276637,1903.8746468146405,2044.9712112054044
55.94309511567574,-3.1846327183276637,SE,55.94288298364138,-3.184420586293308,1903.8746468146405,2043.7212112054044
55.94288298364138,-3.184420586293308,SW,55.942670851607026,-3.1846327183276637,1903.8746468146405,2042.4712112054044
55.942670851607026,-3.1846327183276637,NW,55.94288298364138,-3.1848448503620195,1903.8746468146405,2041.2212112054044
55.94288298364138,-3.1848448503620195,SW,55.942670851607026,-3.1850569823963752,1903.8746468146405,2039.9712112054044
55.942670851607026,-3.1850569823963752,NW,55.94288298364138,-3.185269114430731,1903.8746468146405,2038.7212112054044
55.94288298364138,-3.185269114430731,SW,55.942670851607026,-3.185481246465087,1903.8746468146405,2037.4712112054044
55.942670851607026,-3.185481246465087,NW,55.94288298364138,-3.1856933784994426,1903.8746468146405,2036.2212112054044
55.94288298364138,-3.1856933784994426,NE,55.94309511567574,-3.185481246465087,1903.8746468146405,2034.9712112054044
55.94309511567574,-3.185481246465087,NW,55.943307247710095,-3.1856933784994426,1903.8746468146405,2033.7212112054044
55.943307247710095,-3.1856933784994426,NE,55.94351937974445,-3.185481246465087,1903.8746468146405,2032.4712112054044
55.94351937974445,-3.185481246465087,NE,55.94373151177881,-3.185269114430731,1903.8746468146405,2031.2212112054044
55.94373151177881,-3.185269114430731,NE,55.943943643813164,-3.1850569823963752,1903.8746468146405,2029.9712112054044
55.943943643813164,-3.1850569823963752,NE,55.94415577584752,-3.1848448503620195,1903.8746468146405,2028.7212112054044
55.94415577584752,-3.1848448503620195,NW,55.944367907881876,-3.1850569823963752,1903.8746468146405,2027.4712112054044
55.944367907881876,-3.1850569823963752,NE,55.94458003991623,-3.1848448503620195,1903.8746468146405,2026.2212112054044
55.94458003991623,-3.1848448503620195,NW,55.94479217195059,-3.1850569823963752,1903.8746468146405,2024.9712112054044
55.94479217195059,-3.1850569823963752,NE,55.945004303984945,-3.1848448503620195,1903.8746468146405,2023.7212112054044
55.945004303984945,-3.1848448503620195,NW,55.9452164360193,-3.1850569823963752,1903.8746468146405,2022.4712112054044
55.9452164360193,-3.1850569823963752,NE,55.94542856805366,-3.1848448503620195,1903.8746468146405,2021.2212112054044
55.94542856805366,-3.1848448503620195,NW,55.94564070008801,-3.1850569823963752,1903.8746468146405,2019.9712112054044
55.94564070008801,-3.1850569823963752,NE,55.94585283212237,-3.1848448503620195,1903.8746468146405,2018.7212112054044
55.94585283212237,-3.1848448503620195,NW,55.946064964156726,-3.1850569823963752,1903.8746468146405,2017.4712112054044
55.946064964156726,-3.1850569823963752,SW,55.94585283212237,-3.185269114430731,1903.8746468146405,2016.2212112054044
55.94585283212237,-3.185269114430731,SW,55.94564070008801,-3.185481246465087,1903.8746468146405,2014.9712112054044
55.94564070008801,-3.185481246465087,SE,55.94542856805366,-3.185269114430731,1903.8746468146405,2013.7212112054044
55.94542856805366,-3.185269114430731,SW,55.9452164360193,-3.185481246465087,1903.8746468146405,2012.4712112054044
55.9452164360193,-3.185481246465087,SE,55.945004303984945,-3.185269114430731,1903.8746468146405,2011.2212112054044
55.945004303984945,-3.185269114430731,SW,55.94479217195059,-3.185481246465087,1903.8746468146405,2009.9712112054044
55.94479217195059,-3.185481246465087,SE,55.94458003991623,-3.185269114430731,1903.8746468146405,2008.7212112054044
55.94458003991623,-3.185269114430731,SW,55.944367907881876,-3.185481246465087,1903.8746468146405,2007.4712112054044
55.944367907881876,-3.185481246465087,SE,55.94415577584752,-3.185269114430731,1903.8746468146405,2006.2212112054044
55.94415577584752,-3.185269114430731,SW,55.943943643813164,-3.185481246465087,1903.8746468146405,2004.9712112054044
55.943943643813164,-3.185481246465087,SW,55.94373151177881,-3.1856933784994426,1903.8746468146405,2003.7212112054044
55.94373151177881,-3.1856933784994426,SW,55.94351937974445,-3.1859055105337983,1903.8746468146405,2002.4712112054044
55.94351937974445,-3.1859055105337983,SW,55.943307247710095,-3.186117642568154,1903.8746468146405,2001.2212112054044
55.943307247710095,-3.186117642568154,SE,55.94309511567574,-3.1859055105337983,1903.8746468146405,1999.9712112054044
55.94309511567574,-3.1859055105337983,SW,55.94288298364138,-3.186117642568154,1903.8746468146405,1998.7212112054044
55.94288298364138,-3.186117642568154,SE,55.942670851607026,-3.1859055105337983,1903.8746468146405,1997.4712112054044
55.942670851607026,-3.1859055105337983,E,55.942670851607026,-3.185605510533798,1903.8746468146405,1996.2212112054044
55.942670851607026,-3.185605510533798,NE,55.94288298364138,-3.1853933784994424,1903.8746468146405,1994.9712112054044
55.94288298364138,-3.1853933784994424,SE,55.942670851607026,-3.1851812464650866,1903.8746468146405,1993.7212112054044
55.942670851607026,-3.1851812464650866,NE,55.94288298364138,-3.184969114430731,1903.8746468146405,1992.4712112054044
55.94288298364138,-3.184969114430731,NE,55.94309511567574,-3.184756982396375,1903.8746468146405,1991.2212112054044
55.94309511567574,-3.184756982396375,NE,55.943307247710095,-3.1845448503620193,1903.8746468146405,1989.9712112054044
55.943307247710095,-3.1845448503620193,NE,55.94351937974445,-3.1843327183276635,1903.8746468146405,1988.7212112054044
55.94351937974445,-3.1843327183276635,NW,55.94373151177881,-3.1845448503620193,1903.8746468146405,1987.4712112054044
55.94373151177881,-3.1845448503620193,NE,55.943943643813164,-3.1843327183276635,1903.8746468146405,1986.2212112054044
55.943943643813164,-3.1843327183276635,NW,55.94415577584752,-3.1845448503620193,1903.8746468146405,1984.9712112054044
55.94415577584752,-3.1845448503620193,NE,55.944367907881876,-3.1843327183276635,1903.8746468146405,1983.7212112054044
