55.944425,-3.188396,SSE,55.944147836140246,-3.1882811949702905,72.71941047585281,352.3972179472243
55.944147836140246,-3.1882811949702905,SW,55.94393570410589,-3.1884933270046463,72.71941047585281,351.1472179472243
55.94393570410589,-3.1884933270046463,SW,55.943723572071534,-3.188705459039002,72.71941047585281,349.8972179472243
55.943723572071534,-3.188705459039002,WSW,55.94360876704182,-3.1889826228987554,72.71941047585281,348.6472179472243
55.94360876704182,-3.1889826228987554,SW,55.94339663500747,-3.189194754933111,93.22461958329413,458.3735324683626
55.94339663500747,-3.189194754933111,W,55.94339663500747,-3.1894947549331114,139.80370122599632,533.3899784980694
55.94339663500747,-3.1894947549331114,W,55.94339663500747,-3.1897947549331116,139.80370122599632,532.1399784980694
55.94339663500747,-3.1897947549331116,W,55.94339663500747,-3.190094754933112,139.80370122599632,530.8899784980694
55.94339663500747,-3.190094754933112,WNW,55.94351144003718,-3.190371918792865,244.60693077509325,646.256752924674
55.94351144003718,-3.190371918792865,NNW,55.943788603896934,-3.1904867238225747,266.33126648152506,721.5372347463639
55.943788603896934,-3.1904867238225747,SW,55.94357647186258,-3.1906988558569305,266.33126648152506,720.2872347463639
55.94357647186258,-3.1906988558569305,WSW,55.94346166683287,-3.190976019716684,285.936000796742,790.300365062742
55.94346166683287,-3.190976019716684,N,55.94376166683287,-3.190976019716684,285.936000796742,789.050365062742
55.94376166683287,-3.190976019716684,NNW,55.94403883069263,-3.1910908247463934,371.0363463254615,881.0106017957575
55.94403883069263,-3.1910908247463934,N,55.94433883069263,-3.1910908247463934,439.4585802935575,979.2580043022447
55.94433883069263,-3.1910908247463934,W,55.94433883069263,-3.1913908247463936,496.14916024325635,1085.2895335860574
55.94433883069263,-3.1913908247463936,NW,55.944550962726986,-3.1916029567807493,618.9469804877504,1093.7293573541826
55.944550962726986,-3.1916029567807493,N,55.94485096272699,-3.1916029567807493,618.9469804877504,1092.4793573541826
55.94485096272699,-3.1916029567807493,NNW,55.945128126586745,-3.191717761810459,618.9469804877504,1091.2293573541826
55.945128126586745,-3.191717761810459,N,55.94542812658675,-3.191717761810459,740.8318537069994,1180.629433547432
55.94542812658675,-3.191717761810459,NNE,55.945705290446504,-3.1916029567807493,740.8318537069994,1179.379433547432
55.945705290446504,-3.1916029567807493,NNE,55.94598245430626,-3.19148815175104,772.0026212334589,1245.8999467686544
55.94598245430626,-3.19148815175104,SE,55.945770322271905,-3.191276019716684,772.0026212334589,1244.6499467686544
55.945770322271905,-3.191276019716684,ESE,55.945655517242194,-3.1909988558569307,772.0026212334589,1243.3999467686544
55.945655517242194,-3.1909988558569307,SE,55.94544338520784,-3.190786723822575,772.0026212334589,1242.1499467686544
55.94544338520784,-3.190786723822575,SE,55.94523125317348,-3.190574591788219,772.0026212334589,1240.8999467686544
55.94523125317348,-3.190574591788219,SE,55.945019121139126,-3.1903624597538633,772.0026212334589,1239.6499467686544
55.945019121139126,-3.1903624597538633,SSE,55.94474195727937,-3.190247654724154,798.9076082807524,1298.813421389939
55.94474195727937,-3.190247654724154,NE,55.944954089313725,-3.190035522689798,798.9076082807524,1297.563421389939
55.944954089313725,-3.190035522689798,NE,55.94516622134808,-3.1898233906554423,798.9076082807524,1296.313421389939
55.94516622134808,-3.1898233906554423,NE,55.94537835338244,-3.1896112586210865,798.9076082807524,1295.063421389939
55.94537835338244,-3.1896112586210865,NE,55.945590485416794,-3.1893991265867307,892.613755372751,1370.2189467591986
55.945590485416794,-3.1893991265867307,ESE,55.945475680387084,-3.1891219627269773,892.613755372751,1368.9689467591986
55.945475680387084,-3.1891219627269773,ESE,55.94536087535737,-3.188844798867224,925.7898739789955,1448.5573415909878
55.94536087535737,-3.188844798867224,NE,55.94557300739173,-3.188632666832868,925.7898739789955,1447.3073415909878
55.94557300739173,-3.188632666832868,NE,55.945785139426086,-3.1884205347985124,972.0967654090613,1505.6696067669798
55.945785139426086,-3.1884205347985124,ESE,55.945670334396375,-3.188143370938759,972.0967654090613,1504.4196067669798
55.945670334396375,-3.188143370938759,ESE,55.945555529366665,-3.1878662070790056,972.0967654090613,1503.1696067669798
55.945555529366665,-3.1878662070790056,ESE,55.945440724336954,-3.187589043219252,972.0967654090613,1501.9196067669798
55.945440724336954,-3.187589043219252,ESE,55.945325919307244,-3.187311879359499,981.9493563677843,1557.4402715681742
55.945325919307244,-3.187311879359499,SSW,55.94504875544749,-3.1874266843892083,1043.3171324745172,1619.9821827797093
55.94504875544749,-3.1874266843892083,ENE,55.9451635604772,-3.187149520529455,1043.3171324745172,1618.7321827797093
55.9451635604772,-3.187149520529455,ENE,55.94527836550691,-3.1868723566697015,1066.0712256920997,1617.9989307206927
55.94527836550691,-3.1868723566697015,NNE,55.945555529366665,-3.186757551639992,1134.8898493378204,1713.0271907090873
55.945555529366665,-3.186757551639992,SSE,55.94527836550691,-3.1866427466102825,1134.8898493378204,1711.7771907090873
55.94527836550691,-3.1866427466102825,SSE,55.94500120164715,-3.186527941580573,1159.609657659464,1738.2656161437124
55.94500120164715,-3.186527941580573,ENE,55.94511600667686,-3.1862507777208195,1159.609657659464,1737.0156161437124
55.94511600667686,-3.1862507777208195,ENE,55.94523081170657,-3.185973613861066,1159.609657659464,1735.7656161437124
55.94523081170657,-3.185973613861066,ENE,55.94534561673628,-3.1856964500013127,1180.9257326713996,1777.0186298262906
55.94534561673628,-3.1856964500013127,ENE,55.94546042176599,-3.1854192861415593,1180.9257326713996,1775.7686298262906
55.94546042176599,-3.1854192861415593,E,55.94546042176599,-3.185119286141559,1180.9257326713996,1774.5186298262906
55.94546042176599,-3.185119286141559,ENE,55.945575226795704,-3.1848421222818057,1266.7329781161063,1886.4644320109892
55.945575226795704,-3.1848421222818057,S,55.9452752267957,-3.1848421222818057,1266.7329781161063,1885.2144320109892
55.9452752267957,-3.1848421222818057,S,55.9449752267957,-3.1848421222818057,1266.7329781161063,1883.9644320109892
55.9449752267957,-3.1848421222818057,SSE,55.94469806293594,-3.1847273172520962,1266.7329781161063,1882.7144320109892
55.94469806293594,-3.1847273172520962,S,55.94439806293594,-3.1847273172520962,1266.7329781161063,1881.4644320109892
55.94439806293594,-3.1847273172520962,SSW,55.94412089907618,-3.1848421222818057,1326.7622678002724,1978.5989544320917
55.94412089907618,-3.1848421222818057,SW,55.943908767041826,-3.1850542543161615,1444.5593983304846,2055.4965113818675
55.943908767041826,-3.1850542543161615,SSE,55.94363160318207,-3.184939449286452,1444.5593983304846,2054.2465113818675
55.94363160318207,-3.184939449286452,SSE,55.94335443932231,-3.1848246442567425,1444.5593983304846,2052.9965113818675
55.94335443932231,-3.1848246442567425,SE,55.94314230728796,-3.1846125122223867,1549.742353578673,2138.2114130150144
55.94314230728796,-3.1846125122223867,SSE,55.9428651434282,-3.184497707192677,1549.742353578673,2136.9614130150144
55.9428651434282,-3.184497707192677,NNW,55.94314230728796,-3.1846125122223867,1549.742353578673,2135.7114130150144
55.94314230728796,-3.1846125122223867,SSE,55.9428651434282,-3.184497707192677,1549.742353578673,2134.4614130150144
55.9428651434282,-3.184497707192677,NNW,55.94314230728796,-3.1846125122223867,1549.742353578673,2133.2114130150144
55.94314230728796,-3.1846125122223867,SSE,55.9428651434282,-3.184497707192677,1549.742353578673,2131.9614130150144
55.9428651434282,-3.184497707192677,NNW,55.94314230728796,-3.1846125122223867,1549.742353578673,2130.7114130150144
55.94314230728796,-3.1846125122223867,SSE,55.9428651434282,-3.184497707192677,1549.742353578673,2129.4614130150144
55.9428651434282,-3.184497707192677,NNW,55.94314230728796,-3.1846125122223867,1549.742353578673,2128.2114130150144
55.94314230728796,-3.1846125122223867,SSE,55.9428651434282,-3.184497707192677,1549.742353578673,2126.9614130150144
55.9428651434282,-3.184497707192677,NNW,55.94314230728796,-3.1846125122223867,1549.742353578673,2125.7114130150144
55.94314230728796,-3.1846125122223867,SSE,55.9428651434282,-3.184497707192677,1549.742353578673,2124.4614130150144
55.9428651434282,-3.184497707192677,NNW,55.94314230728796,-3.1846125122223867,1549.742353578673,2123.2114130150144
55.94314230728796,-3.1846125122223867,SSE,55.9428651434282,-3.184497707192677,1549.742353578673,2121.9614130150144
55.9428651434282,-3.184497707192677,NNW,55.94314230728796,-3.1846125122223867,1549.742353578673,2120.7114130150144
55.94314230728796,-3.1846125122223867,SSE,55.9428651434282,-3.184497707192677,1549.742353578673,2119.4614130150144
55.9428651434282,-3.184497707192677,NNW,55.94314230728796,-3.1846125122223867,1549.742353578673,2118.2114130150144
55.94314230728796,-3.1846125122223867,SSE,55.9428651434282,-3.184497707192677,1549.742353578673,2116.9614130150144
55.9428651434282,-3.184497707192677,NNW,55.94314230728796,-3.1846125122223867,1549.742353578673,2115.7114130150144
55.94314230728796,-3.1846125122223867,SSE,55.9428651434282,-3.184497707192677,1549.742353578673,2114.4614130150144
55.9428651434282,-3.184497707192677,NNW,55.94314230728796,-3.1846125122223867,1549.742353578673,2113.2114130150144
55.94314230728796,-3.1846125122223867,SSE,55.9428651434282,-3.184497707192677,1549.742353578673,2111.9614130150144
55.9428651434282,-3.184497707192677,NNW,55.94314230728796,-3.1846125122223867,1549.742353578673,2110.7114130150144
55.94314230728796,-3.1846125122223867,SSE,55.9428651434282,-3.184497707192677,1549.742353578673,2109.4614130150144
55.9428651434282,-3.184497707192677,NNW,55.94314230728796,-3.1846125122223867,1549.742353578673,2108.2114130150144
55.94314230728796,-3.1846125122223867,SSE,55.9428651434282,-3.184497707192677,1549.742353578673,2106.9614130150144
55.9428651434282,-3.184497707192677,NNW,55.94314230728796,-3.1846125122223867,1549.742353578673,2105.7114130150144
55.94314230728796,-3.1846125122223867,SSE,55.9428651434282,-3.184497707192677,1549.742353578673,2104.4614130150144
55.9428651434282,-3.184497707192677,NNW,55.94314230728796,-3.1846125122223867,1549.742353578673,2103.2114130150144
55.94314230728796,-3.1846125122223867,SSE,55.9428651434282,-3.184497707192677,1549.742353578673,2101.9614130150144
55.9428651434282,-3.184497707192677,NNW,55.94314230728796,-3.1846125122223867,1549.742353578673,2100.7114130150144
55.94314230728796,-3.1846125122223867,SSE,55.9428651434282,-3.184497707192677,1549.742353578673,2099.4614130150144
55.9428651434282,-3.184497707192677,NNW,55.94314230728796,-3.1846125122223867,1549.742353578673,2098.2114130150144
55.94314230728796,-3.1846125122223867,SSE,55.9428651434282,-3.184497707192677,1549.742353578673,2096.9614130150144
55.9428651434282,-3.184497707192677,NNW,55.94314230728796,-3.1846125122223867,1549.742353578673,2095.7114130150144
55.94314230728796,-3.1846125122223867,SSE,55.9428651434282,-3.184497707192677,1549.742353578673,2094.4614130150144
55.9428651434282,-3.184497707192677,NNW,55.94314230728796,-3.1846125122223867,1549.742353578673,2093.2114130150144
55.94314230728796,-3.1846125122223867,SSE,55.9428651434282,-3.184497707192677,1549.742353578673,2091.9614130150144
55.9428651434282,-3.184497707192677,NNW,55.94314230728796,-3.1846125122223867,1549.742353578673,2090.7114130150144
55.94314230728796,-3.1846125122223867,SSE,55.9428651434282,-3.184497707192677,1549.742353578673,2089.4614130150144
55.9428651434282,-3.184497707192677,NNW,55.94314230728796,-3.1846125122223867,1549.742353578673,2088.2114130150144
55.94314230728796,-3.1846125122223867,SSE,55.9428651434282,-3.184497707192677,1549.742353578673,2086.9614130150144
55.9428651434282,-3.184497707192677,NNW,55.94314230728796,-3.1846125122223867,1549.742353578673,2085.7114130150144
55.94314230728796,-3.1846125122223867,SSE,55.9428651434282,-3.184497707192677,1549.742353578673,2084.4614130150144
55.9428651434282,-3.184497707192677,NNW,55.94314230728796,-3.1846125122223867,1549.742353578673,2083.2114130150144
55.94314230728796,-3.1846125122223867,SSE,55.9428651434282,-3.184497707192677,1549.742353578673,2081.9614130150144
55.9428651434282,-3.184497707192677,NNW,55.94314230728796,-3.1846125122223867,1549.742353578673,2080.7114130150144
55.94314230728796,-3.1846125122223867,SSE,55.9428651434282,-3.184497707192677,1549.742353578673,2079.4614130150144
55.9428651434282,-3.184497707192677,NNW,55.94314230728796,-3.1846125122223867,1549.742353578673,2078.2114130150144
55.94314230728796,-3.1846125122223867,SSE,55.9428651434282,-3.184497707192677,1549.742353578673,2076.9614130150144
55.9428651434282,-3.184497707192677,NNW,55.94314230728796,-3.1846125122223867,1549.742353578673,2075.7114130150144
55.94314230728796,-3.1846125122223867,SSE,55.9428651434282,-3.184497707192677,1549.742353578673,2074.4614130150144
55.9428651434282,-3.184497707192677,NNW,55.94314230728796,-3.1846125122223867,1549.742353578673,2073.2114130150144
55.94314230728796,-3.1846125122223867,SSE,55.9428651434282,-3.184497707192677,1549.742353578673,2071.9614130150144
55.9428651434282,-3.184497707192677,NNW,55.94314230728796,-3.1846125122223867,1549.742353578673,2070.7114130150144
55.94314230728796,-3.1846125122223867,SSE,55.9428651434282,-3.184497707192677,1549.742353578673,2069.4614130150144
55.9428651434282,-3.184497707192677,NNW,55.94314230728796,-3.1846125122223867,1549.742353578673,2068.2114130150144
55.94314230728796,-3.1846125122223867,SSE,55.9428651434282,-3.184497707192677,1549.742353578673,2066.9614130150144
55.9428651434282,-3.184497707192677,NNW,55.94314230728796,-3.1846125122223867,1549.742353578673,2065.7114130150144
55.94314230728796,-3.1846125122223867,SSE,55.9428651434282,-3.184497707192677,1549.742353578673,2064.4614130150144
55.9428651434282,-3.184497707192677,NNW,55.94314230728796,-3.1846125122223867,1549.742353578673,2063.2114130150144
55.94314230728796,-3.1846125122223867,SSE,55.9428651434282,-3.184497707192677,1549.742353578673,2061.9614130150144
55.9428651434282,-3.184497707192677,NNW,55.94314230728796,-3.1846125122223867,1549.742353578673,2060.7114130150144
55.94314230728796,-3.1846125122223867,SSE,55.9428651434282,-3.184497707192677,1549.742353578673,2059.4614130150144
55.9428651434282,-3.184497707192677,NNW,55.94314230728796,-3.1846125122223867,1549.742353578673,2058.2114130150144
55.94314230728796,-3.1846125122223867,SSE,55.9428651434282,-3.184497707192677,1549.742353578673,2056.9614130150144
55.9428651434282,-3.184497707192677,NNW,55.94314230728796,-3.1846125122223867,1549.742353578673,2055.7114130150144
55.94314230728796,-3.1846125122223867,SSE,55.9428651434282,-3.184497707192677,1549.742353578673,2054.4614130150144
55.9428651434282,-3.184497707192677,NNW,55.94314230728796,-3.1846125122223867,1549.742353578673,2053.2114130150144
55.94314230728796,-3.1846125122223867,SSE,55.9428651434282,-3.184497707192677,1549.742353578673,2051.9614130150144
55.9428651434282,-3.184497707192677,NNW,55.94314230728796,-3.1846125122223867,1549.742353578673,2050.7114130150144
55.94314230728796,-3.1846125122223867,SSE,55.9428651434282,-3.184497707192677,1549.742353578673,2049.4614130150144
55.9428651434282,-3.184497707192677,NNW,55.94314230728796,-3.1846125122223867,1549.742353578673,2048.2114130150144
55.94314230728796,-3.1846125122223867,SSE,55.9428651434282,-3.184497707192677,1549.742353578673,2046.9614130150144
55.9428651434282,-3.184497707192677,NNW,55.94314230728796,-3.1846125122223867,1549.742353578673,2045.7114130150144
55.94314230728796,-3.1846125122223867,SSE,55.9428651434282,-3.184497707192677,1549.742353578673,2044.4614130150144
55.9428651434282,-3.184497707192677,NNW,55.94314230728796,-3.1846125122223867,1549.742353578673,2043.2114130150144
55.94314230728796,-3.1846125122223867,SSE,55.9428651434282,-3.184497707192677,1549.742353578673,2041.9614130150144
55.9428651434282,-3.184497707192677,NNW,55.94314230728796,-3.1846125122223867,1549.742353578673,2040.7114130150144
55.94314230728796,-3.1846125122223867,SSE,55.9428651434282,-3.184497707192677,1549.742353578673,2039.4614130150144
55.9428651434282,-3.184497707192677,NNW,55.94314230728796,-3.1846125122223867,1549.742353578673,2038.2114130150144
55.94314230728796,-3.1846125122223867,SSE,55.9428651434282,-3.184497707192677,1549.742353578673,2036.9614130150144
55.9428651434282,-3.184497707192677,NNW,55.94314230728796,-3.1846125122223867,1549.742353578673,2035.7114130150144
55.94314230728796,-3.1846125122223867,SSE,55.9428651434282,-3.184497707192677,1549.742353578673,2034.4614130150144
55.9428651434282,-3.184497707192677,NNW,55.94314230728796,-3.1846125122223867,1549.742353578673,2033.2114130150144
55.94314230728796,-3.1846125122223867,SSE,55.9428651434282,-3.184497707192677,1549.742353578673,2031.9614130150144
55.9428651434282,-3.184497707192677,NNW,55.94314230728796,-3.1846125122223867,1549.742353578673,2030.7114130150144
55.94314230728796,-3.1846125122223867,SSE,55.9428651434282,-3.184497707192677,1549.742353578673,2029.4614130150144
55.9428651434282,-3.184497707192677,NNW,55.94314230728796,-3.1846125122223867,1549.742353578673,2028.2114130150144
55.94314230728796,-3.1846125122223867,SSE,55.9428651434282,-3.184497707192677,1549.742353578673,2026.9614130150144
55.9428651434282,-3.184497707192677,NNW,55.94314230728796,-3.1846125122223867,1549.742353578673,2025.7114130150144
55.94314230728796,-3.1846125122223867,SSE,55.9428651434282,-3.184497707192677,1549.742353578673,2024.4614130150144
55.9428651434282,-3.184497707192677,NNW,55.94314230728796,-3.1846125122223867,1549.742353578673,2023.2114130150144
55.94314230728796,-3.1846125122223867,SSE,55.9428651434282,-3.184497707192677,1549.742353578673,2021.9614130150144
55.9428651434282,-3.184497707192677,NNW,55.94314230728796,-3.1846125122223867,1549.742353578673,2020.7114130150144
55.94314230728796,-3.1846125122223867,SSE,55.9428651434282,-3.184497707192677,1549.742353578673,2019.4614130150144
55.9428651434282,-3.184497707192677,NNW,55.94314230728796,-3.1846125122223867,1549.742353578673,2018.2114130150144
55.94314230728796,-3.1846125122223867,SSE,55.9428651434282,-3.184497707192677,1549.742353578673,2016.9614130150144
55.9428651434282,-3.184497707192677,NNW,55.94314230728796,-3.1846125122223867,1549.742353578673,2015.7114130150144
55.94314230728796,-3.1846125122223867,SSE,55.9428651434282,-3.184497707192677,1549.742353578673,2014.4614130150144
55.9428651434282,-3.184497707192677,NNW,55.94314230728796,-3.1846125122223867,1549.742353578673,2013.2114130150144
55.94314230728796,-3.1846125122223867,SSE,55.9428651434282,-3.184497707192677,1549.742353578673,2011.9614130150144
55.9428651434282,-3.184497707192677,NNW,55.94314230728796,-3.1846125122223867,1549.742353578673,2010.7114130150144
55.94314230728796,-3.1846125122223867,SSE,55.9428651434282,-3.184497707192677,1549.742353578673,2009.4614130150144
55.9428651434282,-3.184497707192677,NNW,55.94314230728796,-3.1846125122223867,1549.742353578673,2008.2114130150144
55.94314230728796,-3.1846125122223867,SSE,55.9428651434282,-3.184497707192677,1549.742353578673,2006.9614130150144
55.9428651434282,-3.184497707192677,NNW,55.94314230728796,-3.1846125122223867,1549.742353578673,2005.7114130150144
55.94314230728796,-3.1846125122223867,SSE,55.9428651434282,-3.184497707192677,1549.742353578673,2004.4614130150144
55.9428651434282,-3.184497707192677,NNW,55.94314230728796,-3.1846125122223867,1549.742353578673,2003.2114130150144
55.94314230728796,-3.1846125122223867,SSE,55.9428651434282,-3.184497707192677,1549.742353578673,2001.9614130150144
55.9428651434282,-3.184497707192677,NNW,55.94314230728796,-3.1846125122223867,1549.742353578673,2000.7114130150144
55.94314230728796,-3.1846125122223867,SSE,55.9428651434282,-3.184497707192677,1549.742353578673,1999.4614130150144
55.9428651434282,-3.184497707192677,NNW,55.94314230728796,-3.1846125122223867,1549.742353578673,1998.2114130150144
55.94314230728796,-3.1846125122223867,SSE,55.9428651434282,-3.184497707192677,1549.742353578673,1996.9614130150144
55.9428651434282,-3.184497707192677,NNW,55.94314230728796,-3.1846125122223867,1549.742353578673,1995.7114130150144
55.94314230728796,-3.1846125122223867,SSE,55.9428651434282,-3.184497707192677,1549.742353578673,1994.4614130150144
55.9428651434282,-3.184497707192677,NNW,55.94314230728796,-3.1846125122223867,1549.742353578673,1993.2114130150144
55.94314230728796,-3.1846125122223867,SSE,55.9428651434282,-3.184497707192677,1549.742353578673,1991.9614130150144
55.9428651434282,-3.184497707192677,NNW,55.94314230728796,-3.1846125122223867,1549.742353578673,1990.7114130150144
55.94314230728796,-3.1846125122223867,SSE,55.9428651434282,-3.184497707192677,1549.742353578673,1989.4614130150144
55.9428651434282,-3.184497707192677,NNW,55.94314230728796,-3.1846125122223867,1549.742353578673,1988.2114130150144
55.94314230728796,-3.1846125122223867,SSE,55.9428651434282,-3.184497707192677,1549.742353578673,1986.9614130150144
55.9428651434282,-3.184497707192677,NNW,55.94314230728796,-3.1846125122223867,1549.742353578673,1985.7114130150144
55.94314230728796,-3.1846125122223867,SSE,55.9428651434282,-3.184497707192677,1549.742353578673,1984.4614130150144
55.9428651434282,-3.184497707192677,NNW,55.94314230728796,-3.1846125122223867,1549.742353578673,1983.2114130150144
55.94314230728796,-3.1846125122223867,SSE,55.9428651434282,-3.184497707192677,1549.742353578673,1981.9614130150144
55.9428651434282,-3.184497707192677,NNW,55.94314230728796,-3.1846125122223867,1549.742353578673,1980.7114130150144
55.94314230728796,-3.1846125122223867,SSE,55.9428651434282,-3.184497707192677,1549.742353578673,1979.4614130150144
55.9428651434282,-3.184497707192677,NNW,55.94314230728796,-3.1846125122223867,1549.742353578673,1978.2114130150144
55.94314230728796,-3.1846125122223867,SSE,55.9428651434282,-3.184497707192677,1549.742353578673,1976.9614130150144
55.9428651434282,-3.184497707192677,NNW,55.94314230728796,-3.1846125122223867,1549.742353578673,1975.7114130150144
55.94314230728796,-3.1846125122223867,SSE,55.9428651434282,-3.184497707192677,1549.742353578673,1974.4614130150144
55.9428651434282,-3.184497707192677,NNW,55.94314230728796,-3.1846125122223867,1549.742353578673,1973.2114130150144
55.94314230728796,-3.1846125122223867,SSE,55.9428651434282,-3.184497707192677,1549.742353578673,1971.9614130150144
55.9428651434282,-3.184497707192677,NNW,55.94314230728796,-3.1846125122223867,1549.742353578673,1970.7114130150144
55.94314230728796,-3.1846125122223867,SSE,55.9428651434282,-3.184497707192677,1549.742353578673,1969.4614130150144
55.9428651434282,-3.184497707192677,NNW,55.94314230728796,-3.1846125122223867,1549.742353578673,1968.2114130150144
55.94314230728796,-3.1846125122223867,SSE,55.9428651434282,-3.184497707192677,1549.742353578673,1966.9614130150144
55.9428651434282,-3.184497707192677,NNW,55.94314230728796,-3.1846125122223867,1549.742353578673,1965.7114130150144
55.94314230728796,-3.1846125122223867,SSE,55.9428651434282,-3.184497707192677,1549.742353578673,1964.4614130150144
55.9428651434282,-3.184497707192677,NNW,55.94314230728796,-3.1846125122223867,1549.742353578673,1963.2114130150144
55.94314230728796,-3.1846125122223867,SSE,55.9428651434282,-3.184497707192677,1549.742353578673,1961.9614130150144
55.9428651434282,-3.184497707192677,NNW,55.94314230728796,-3.1846125122223867,1549.742353578673,1960.7114130150144
55.94314230728796,-3.1846125122223867,SSE,55.9428651434282,-3.184497707192677,1549.742353578673,1959.4614130150144
55.9428651434282,-3.184497707192677,NNW,55.94314230728796,-3.1846125122223867,1549.742353578673,1958.2114130150144
55.94314230728796,-3.1846125122223867,SSE,55.9428651434282,-3.184497707192677,1549.742353578673,1956.9614130150144
55.9428651434282,-3.184497707192677,NNW,55.94314230728796,-3.1846125122223867,1549.742353578673,1955.7114130150144
55.94314230728796,-3.1846125122223867,SSE,55.9428651434282,-3.184497707192677,1549.742353578673,1954.4614130150144
55.9428651434282,-3.184497707192677,NNW,55.94314230728796,-3.1846125122223867,1549.742353578673,1953.2114130150144
55.94314230728796,-3.1846125122223867,SSE,55.9428651434282,-3.184497707192677,1549.742353578673,1951.9614130150144
55.9428651434282,-3.184497707192677,NNW,55.94314230728796,-3.1846125122223867,1549.742353578673,1950.7114130150144
55.94314230728796,-3.1846125122223867,SSE,55.9428651434282,-3.184497707192677,1549.742353578673,1949.4614130150144
55.9428651434282,-3.184497707192677,NNW,55.94314230728796,-3.1846125122223867,1549.742353578673,1948.2114130150144
55.94314230728796,-3.1846125122223867,SSE,55.9428651434282,-3.184497707192677,1549.742353578673,1946.9614130150144
55.9428651434282,-3.184497707192677,NNW,55.94314230728796,-3.1846125122223867,1549.742353578673,1945.7114130150144
55.94314230728796,-3.1846125122223867,SSE,55.9428651434282,-3.184497707192677,1549.742353578673,1944.4614130150144
55.9428651434282,-3.184497707192677,NNW,55.94314230728796,-3.1846125122223867,1549.742353578673,1943.2114130150144
55.94314230728796,-3.1846125122223867,SSE,55.9428651434282,-3.184497707192677,1549.742353578673,1941.9614130150144
55.9428651434282,-3.184497707192677,NNW,55.94314230728796,-3.1846125122223867,1549.742353578673,1940.7114130150144
55.94314230728796,-3.1846125122223867,SSE,55.9428651434282,-3.184497707192677,1549.742353578673,1939.4614130150144
55.9428651434282,-3.184497707192677,NNW,55.94314230728796,-3.1846125122223867,1549.742353578673,1938.2114130150144
55.94314230728796,-3.1846125122223867,SSE,55.9428651434282,-3.184497707192677,1549.742353578673,1936.9614130150144
55.9428651434282,-3.184497707192677,NNW,55.94314230728796,-3.1846125122223867,1549.742353578673,1935.7114130150144
55.94314230728796,-3.1846125122223867,SSE,55.9428651434282,-3.184497707192677,1549.742353578673,1934.4614130150144
55.9428651434282,-3.184497707192677,NNW,55.94314230728796,-3.1846125122223867,1549.742353578673,1933.2114130150144
55.94314230728796,-3.1846125122223867,SSE,55.9428651434282,-3.184497707192677,1549.742353578673,1931.9614130150144
55.9428651434282,-3.184497707192677,NNW,55.94314230728796,-3.1846125122223867,1549.742353578673,1930.7114130150144
55.94314230728796,-3.1846125122223867,SSE,55.9428651434282,-3.184497707192677,1549.742353578673,1929.4614130150144
55.9428651434282,-3.184497707192677,NNW,55.94314230728796,-3.1846125122223867,1549.742353578673,1928.2114130150144
55.94314230728796,-3.1846125122223867,SSE,55.9428651434282,-3.184497707192677,1549.742353578673,1926.9614130150144
55.9428651434282,-3.184497707192677,NNW,55.94314230728796,-3.1846125122223867,1549.742353578673,1925.7114130150144
55.94314230728796,-3.1846125122223867,SSE,55.9428651434282,-3.184497707192677,1549.742353578673,1924.4614130150144
55.9428651434282,-3.184497707192677,NNW,55.94314230728796,-3.1846125122223867,1549.742353578673,1923.2114130150144
55.94314230728796,-3.1846125122223867,SSE,55.9428651434282,-3.184497707192677,1549.742353578673,1921.9614130150144
55.9428651434282,-3.184497707192677,NNW,55.94314230728796,-3.1846125122223867,1549.742353578673,1920.7114130150144
55.94314230728796,-3.1846125122223867,SSE,55.9428651434282,-3.184497707192677,1549.742353578673,1919.4614130150144
55.9428651434282,-3.184497707192677,NNW,55.94314230728796,-3.1846125122223867,1549.742353578673,1918.2114130150144
55.94314230728796,-3.1846125122223867,SSE,55.9428651434282,-3.184497707192677,1549.742353578673,1916.9614130150144
55.9428651434282,-3.184497707192677,NNW,55.94314230728796,-3.1846125122223867,1549.742353578673,1915.7114130150144
55.94314230728796,-3.1846125122223867,SSE,55.9428651434282,-3.184497707192677,1549.742353578673,1914.4614130150144
55.9428651434282,-3.184497707192677,NNW,55.94314230728796,-3.1846125122223867,1549.742353578673,1913.2114130150144
55.94314230728796,-3.1846125122223867,SSE,55.9428651434282,-3.184497707192677,1549.742353578673,1911.9614130150144
55.9428651434282,-3.184497707192677,NNW,55.94314230728796,-3.1846125122223867,1549.742353578673,1910.7114130150144
55.94314230728796,-3.1846125122223867,SSE,55.9428651434282,-3.184497707192677,1549.742353578673,1909.4614130150144
55.9428651434282,-3.184497707192677,NNW,55.94314230728796,-3.1846125122223867,1549.742353578673,1908.2114130150144
55.94314230728796,-3.1846125122223867,SSE,55.9428651434282,-3.184497707192677,1549.742353578673,1906.9614130150144
55.9428651434282,-3.184497707192677,NNW,55.94314230728796,-3.1846125122223867,1549.742353578673,1905.7114130150144
55.94314230728796,-3.1846125122223867,SSE,55.9428651434282,-3.184497707192677,1549.742353578673,1904.4614130150144
55.9428651434282,-3.184497707192677,NNW,55.94314230728796,-3.1846125122223867,1549.742353578673,1903.2114130150144
55.94314230728796,-3.1846125122223867,SSE,55.9428651434282,-3.184497707192677,1549.742353578673,1901.9614130150144
