55.944425,-3.188396,SSE,55.944147836140246,-3.1882811949702905,0.0,250.0
55.944147836140246,-3.1882811949702905,NNW,55.944425,-3.188396,63.775421544612854,249.0731837318418
55.944425,-3.188396,SW,55.944212867965646,-3.188608132034356,63.775421544612854,247.8231837318418
55.944212867965646,-3.188608132034356,SSW,55.94393570410589,-3.1887229370640653,155.93336112793043,360.21558029693546
55.94393570410589,-3.1887229370640653,S,55.94363570410589,-3.1887229370640653,249.4401817065853,465.67235277181425
55.94363570410589,-3.1887229370640653,SE,55.94342357207153,-3.1885108050297095,249.4401817065853,464.42235277181425
55.94342357207153,-3.1885108050297095,ESE,55.94330876704182,-3.188233641169956,331.795408829375,573.5091849909714
55.94330876704182,-3.188233641169956,E,55.94330876704182,-3.187933641169956,367.33777944832224,629.7041747400752
55.94330876704182,-3.187933641169956,NNE,55.94358593090158,-3.1878188361402464,367.33777944832224,628.4541747400752
55.94358593090158,-3.1878188361402464,NE,55.94379806293593,-3.1876067041058906,453.04484846602,695.4259476323441
55.94379806293593,-3.1876067041058906,NNE,55.94407522679569,-3.187491899076181,494.9026812177296,768.7910878660524
55.94407522679569,-3.187491899076181,NE,55.944287358830046,-3.1872797670418254,494.9026812177296,767.5410878660524
55.944287358830046,-3.1872797670418254,NNE,55.9445645226898,-3.187164962012116,589.8809482952778,816.1596676539934
55.9445645226898,-3.187164962012116,S,55.9442645226898,-3.187164962012116,589.8809482952778,814.9096676539934
55.9442645226898,-3.187164962012116,ESE,55.94414971766009,-3.1868877981523624,589.8809482952778,813.6596676539934
55.94414971766009,-3.1868877981523624,S,55.943849717660086,-3.1868877981523624,589.8809482952778,812.4096676539934
55.943849717660086,-3.1868877981523624,SSW,55.94357255380033,-3.187002603182072,641.4504357420132,911.5407412933871
55.94357255380033,-3.187002603182072,SW,55.94336042176597,-3.1872147352164277,641.4504357420132,910.2907412933871
55.94336042176597,-3.1872147352164277,SSW,55.94308325790622,-3.1873295402461372,641.4504357420132,909.0407412933871
55.94308325790622,-3.1873295402461372,SW,55.94287112587186,-3.187541672280493,677.0160621831991,949.9012762201842
55.94287112587186,-3.187541672280493,SW,55.942658993837505,-3.187753804314849,762.6239346960069,954.1353338235097
55.942658993837505,-3.187753804314849,ENE,55.942773798867215,-3.1874766404550954,762.6239346960069,952.8853338235097
55.942773798867215,-3.1874766404550954,NE,55.94298593090157,-3.1872645084207396,762.6239346960069,951.6353338235097
55.94298593090157,-3.1872645084207396,ENE,55.94310073593128,-3.186987344560986,762.6239346960069,950.3853338235097
55.94310073593128,-3.186987344560986,NE,55.94331286796564,-3.1867752125266304,762.6239346960069,949.1353338235097
55.94331286796564,-3.1867752125266304,ENE,55.94342767299535,-3.186498048666877,762.6239346960069,947.8853338235097
55.94342767299535,-3.186498048666877,NE,55.943639805029704,-3.1862859166325213,839.2142619430607,969.4133800641603
55.943639805029704,-3.1862859166325213,E,55.943639805029704,-3.185985916632521,915.9282238145914,1086.7558596198023
55.943639805029704,-3.185985916632521,NNE,55.94391696888946,-3.1858711116028116,915.9282238145914,1085.5058596198023
55.94391696888946,-3.1858711116028116,N,55.944216968889464,-3.1858711116028116,915.9282238145914,1084.2558596198023
55.944216968889464,-3.1858711116028116,NNE,55.94449413274922,-3.185756306573102,937.1440064290695,1099.0930601146224
55.94449413274922,-3.185756306573102,NNE,55.94477129660898,-3.1856415015433925,937.1440064290695,1097.8430601146224
55.94477129660898,-3.1856415015433925,NE,55.94498342864333,-3.1854293695090368,937.1440064290695,1096.5930601146224
55.94498342864333,-3.1854293695090368,NNE,55.94526059250309,-3.1853145644793273,1006.5165373008474,1156.7233819994487
55.94526059250309,-3.1853145644793273,NNW,55.945537756362846,-3.1854293695090368,1006.5165373008474,1155.4733819994487
55.945537756362846,-3.1854293695090368,NNW,55.9458149202226,-3.1855441745387463,1080.1212419254098,1178.2504488027057
55.9458149202226,-3.1855441745387463,W,55.9458149202226,-3.1858441745387465,1080.1212419254098,1177.0004488027057
55.9458149202226,-3.1858441745387465,W,55.9458149202226,-3.1861441745387467,1080.1212419254098,1175.7504488027057
55.9458149202226,-3.1861441745387467,W,55.9458149202226,-3.186444174538747,1080.1212419254098,1174.5004488027057
55.9458149202226,-3.186444174538747,WNW,55.94592972525231,-3.1867213383985002,1080.1212419254098,1173.2504488027057
55.94592972525231,-3.1867213383985002,WNW,55.94604453028202,-3.1869985022582537,1080.1212419254098,1172.0004488027057
55.94604453028202,-3.1869985022582537,W,55.94604453028202,-3.187298502258254,1080.1212419254098,1170.7504488027057
55.94604453028202,-3.187298502258254,W,55.94604453028202,-3.187598502258254,1080.1212419254098,1169.5004488027057
55.94604453028202,-3.187598502258254,W,55.94604453028202,-3.187898502258254,1097.0095051275462,1257.8883940838996
55.94604453028202,-3.187898502258254,WNW,55.946159335311734,-3.1881756661180076,1097.0095051275462,1256.6383940838996
55.946159335311734,-3.1881756661180076,W,55.946159335311734,-3.188475666118008,1124.0051901097604,1261.1274071044154
55.946159335311734,-3.188475666118008,S,55.94585933531173,-3.188475666118008,1226.6627357156167,1339.6400946446256
55.94585933531173,-3.188475666118008,WSW,55.94574453028202,-3.188752829977761,1226.6627357156167,1338.3900946446256
55.94574453028202,-3.188752829977761,SSW,55.945467366422264,-3.1888676350074707,1226.6627357156167,1337.1400946446256
55.945467366422264,-3.1888676350074707,SSW,55.94519020256251,-3.1889824400371802,1226.6627357156167,1335.8900946446256
55.94519020256251,-3.1889824400371802,SW,55.94497807052815,-3.189194572071536,1226.6627357156167,1334.6400946446256
55.94497807052815,-3.189194572071536,S,55.94467807052815,-3.189194572071536,1334.5441163243406,1358.6552806353097
55.94467807052815,-3.189194572071536,W,55.94467807052815,-3.189494572071536,1334.5441163243406,1357.4052806353097
55.94467807052815,-3.189494572071536,W,55.94467807052815,-3.1897945720715364,1363.792359957989,1367.0240913403575
55.94467807052815,-3.1897945720715364,W,55.94467807052815,-3.1900945720715366,1363.792359957989,1365.7740913403575
55.94467807052815,-3.1900945720715366,W,55.94467807052815,-3.1903945720715368,1469.6329180480552,1472.6079052417506
55.94467807052815,-3.1903945720715368,WNW,55.94479287555786,-3.19067173593129,1469.6329180480552,1471.3579052417506
55.94479287555786,-3.19067173593129,WNW,55.94490768058757,-3.1909488997910436,1476.0415429991717,1589.2532753117705
55.94490768058757,-3.1909488997910436,S,55.944607680587566,-3.1909488997910436,1548.8461482601106,1590.073794986019
55.944607680587566,-3.1909488997910436,SSE,55.94433051672781,-3.190834094761334,1548.8461482601106,1588.823794986019
55.94433051672781,-3.190834094761334,SSE,55.94405335286805,-3.1907192897316246,1558.3367824967727,1637.2763095207117
55.94405335286805,-3.1907192897316246,ESE,55.94393854783834,-3.190442125871871,1558.3367824967727,1636.0263095207117
55.94393854783834,-3.190442125871871,ESE,55.94382374280863,-3.1901649620121177,1558.3367824967727,1634.7763095207117
55.94382374280863,-3.1901649620121177,ESE,55.94370893777892,-3.1898877981523643,1626.8546452656597,1653.7304632173148
55.94370893777892,-3.1898877981523643,SSW,55.943431773919166,-3.190002603182074,1626.8546452656597,1652.4804632173148
55.943431773919166,-3.190002603182074,SSW,55.94315461005941,-3.1901174082117834,1626.8546452656597,1651.2304632173148
55.94315461005941,-3.1901174082117834,S,55.942854610059406,-3.1901174082117834,1641.8910048196783,1703.3798136876285
55.942854610059406,-3.1901174082117834,W,55.942854610059406,-3.1904174082117835,1641.8910048196783,1702.1298136876285
55.942854610059406,-3.1904174082117835,W,55.942854610059406,-3.1907174082117837,1641.8910048196783,1700.8798136876285
55.942854610059406,-3.1907174082117837,WSW,55.942739805029696,-3.190994572071537,1641.8910048196783,1699.6298136876285
55.942739805029696,-3.190994572071537,W,55.942739805029696,-3.1912945720715373,1669.685160234626,1793.9526251707437
55.942739805029696,-3.1912945720715373,W,55.942739805029696,-3.1915945720715375,1669.685160234626,1792.7026251707437
55.942739805029696,-3.1915945720715375,W,55.942739805029696,-3.1918945720715377,1669.685160234626,1791.4526251707437
55.942739805029696,-3.1918945720715377,WSW,55.942624999999985,-3.192171735931291,1765.9956136613703,1879.8412407860108
55.942624999999985,-3.192171735931291,N,55.94292499999999,-3.192171735931291,1765.9956136613703,1878.5912407860108
55.94292499999999,-3.192171735931291,N,55.94322499999999,-3.192171735931291,1765.9956136613703,1877.3412407860108
55.94322499999999,-3.192171735931291,N,55.943524999999994,-3.192171735931291,1765.9956136613703,1876.0912407860108
55.943524999999994,-3.192171735931291,N,55.943825,-3.192171735931291,1765.9956136613703,1874.8412407860108
55.943825,-3.192171735931291,N,55.944125,-3.192171735931291,1765.9956136613703,1873.5912407860108
55.944125,-3.192171735931291,NE,55.944337132034356,-3.1919596038969353,1765.9956136613703,1872.3412407860108
55.944337132034356,-3.1919596038969353,NNW,55.94461429589411,-3.192074408926645,1765.9956136613703,1871.0912407860108
55.94461429589411,-3.192074408926645,NNW,55.94489145975387,-3.1921892139563544,1820.253296325055,1911.5559288844079
55.94489145975387,-3.1921892139563544,NW,55.945103591788225,-3.19240134599071,1855.6082413210163,1936.5428393881916
55.945103591788225,-3.19240134599071,ENE,55.945218396817936,-3.1921241821309567,1860.013237595382,2050.2336482747774
55.945218396817936,-3.1921241821309567,E,55.945218396817936,-3.1918241821309565,1860.013237595382,2048.9836482747774
55.945218396817936,-3.1918241821309565,E,55.945218396817936,-3.1915241821309563,1860.013237595382,2047.7336482747774
55.945218396817936,-3.1915241821309563,ENE,55.945333201847646,-3.191247018271203,1860.013237595382,2046.4836482747774
55.945333201847646,-3.191247018271203,E,55.945333201847646,-3.1909470182712028,1860.013237595382,2045.2336482747774
55.945333201847646,-3.1909470182712028,ENE,55.945448006877356,-3.1906698544114493,1882.1030449003247,2078.8072886292553
55.945448006877356,-3.1906698544114493,NNE,55.94572517073711,-3.19055504938174,1882.1030449003247,2077.5572886292553
55.94572517073711,-3.19055504938174,ENE,55.94583997576682,-3.1902778855219864,1882.1030449003247,2076.3072886292553
55.94583997576682,-3.1902778855219864,NE,55.94605210780118,-3.1900657534876307,1983.8235663304192,2192.8589314517494
55.94605210780118,-3.1900657534876307,ESE,55.94593730277147,-3.1897885896278773,1983.8235663304192,2191.6089314517494
55.94593730277147,-3.1897885896278773,ESE,55.94582249774176,-3.189511425768124,1983.8235663304192,2190.3589314517494
55.94582249774176,-3.189511425768124,ESE,55.94570769271205,-3.1892342619083704,1983.8235663304192,2189.1089314517494
55.94570769271205,-3.1892342619083704,ESE,55.94559288768234,-3.188957098048617,1983.8235663304192,2187.8589314517494
55.94559288768234,-3.188957098048617,SSE,55.94531572382258,-3.1888422930189075,1983.8235663304192,2186.6089314517494
55.94531572382258,-3.1888422930189075,ESE,55.94520091879287,-3.188565129159154,1983.8235663304192,2185.3589314517494
55.94520091879287,-3.188565129159154,ESE,55.94508611376316,-3.1882879652994007,1983.8235663304192,2184.1089314517494
55.94508611376316,-3.1882879652994007,ESE,55.94497130873345,-3.1880108014396473,1983.8235663304192,2182.8589314517494
55.94497130873345,-3.1880108014396473,ESE,55.94485650370374,-3.187733637579894,1983.8235663304192,2181.6089314517494
55.94485650370374,-3.187733637579894,ESE,55.94474169867403,-3.1874564737201405,1983.8235663304192,2180.3589314517494
55.94474169867403,-3.1874564737201405,ESE,55.94462689364432,-3.187179309860387,1983.8235663304192,2179.1089314517494
55.94462689364432,-3.187179309860387,ESE,55.94451208861461,-3.1869021460006337,1983.8235663304192,2177.8589314517494
55.94451208861461,-3.1869021460006337,ESE,55.9443972835849,-3.1866249821408803,1983.8235663304192,2176.6089314517494
55.9443972835849,-3.1866249821408803,ESE,55.94428247855519,-3.186347818281127,1983.8235663304192,2175.3589314517494
55.94428247855519,-3.186347818281127,ESE,55.94416767352548,-3.1860706544213735,1983.8235663304192,2174.1089314517494
55.94416767352548,-3.1860706544213735,ESE,55.94405286849577,-3.18579349056162,1983.8235663304192,2172.8589314517494
55.94405286849577,-3.18579349056162,ESE,55.94393806346606,-3.1855163267018667,1983.8235663304192,2171.6089314517494
55.94393806346606,-3.1855163267018667,ESE,55.943823258436346,-3.1852391628421133,1983.8235663304192,2170.3589314517494
55.943823258436346,-3.1852391628421133,E,55.943823258436346,-3.184939162842113,1983.8235663304192,2169.1089314517494
55.943823258436346,-3.184939162842113,ESE,55.943708453406636,-3.1846619989823597,2101.6939440489336,2244.9813505704747
55.943708453406636,-3.1846619989823597,SSE,55.94343128954688,-3.18454719395265,2101.6939440489336,2243.7313505704747
55.94343128954688,-3.18454719395265,SSE,55.94315412568712,-3.1844323889229407,2136.1936814546184,2340.428120409643
55.94315412568712,-3.1844323889229407,SW,55.94294199365277,-3.1846445209572964,2136.1936814546184,2339.178120409643
55.94294199365277,-3.1846445209572964,NE,55.94315412568712,-3.1844323889229407,2136.1936814546184,2337.928120409643
55.94315412568712,-3.1844323889229407,SW,55.94294199365277,-3.1846445209572964,2136.1936814546184,2336.678120409643
55.94294199365277,-3.1846445209572964,NE,55.94315412568712,-3.1844323889229407,2136.1936814546184,2335.428120409643
55.94315412568712,-3.1844323889229407,SW,55.94294199365277,-3.1846445209572964,2136.1936814546184,2334.178120409643
55.94294199365277,-3.1846445209572964,NE,55.94315412568712,-3.1844323889229407,2136.1936814546184,2332.928120409643
55.94315412568712,-3.1844323889229407,SW,55.94294199365277,-3.1846445209572964,2136.1936814546184,2331.678120409643
55.94294199365277,-3.1846445209572964,NE,55.94315412568712,-3.1844323889229407,2136.1936814546184,2330.428120409643
55.94315412568712,-3.1844323889229407,SW,55.94294199365277,-3.1846445209572964,2136.1936814546184,2329.178120409643
55.94294199365277,-3.1846445209572964,NE,55.94315412568712,-3.1844323889229407,2136.1936814546184,2327.928120409643
55.94315412568712,-3.1844323889229407,SW,55.94294199365277,-3.1846445209572964,2136.1936814546184,2326.678120409643
55.94294199365277,-3.1846445209572964,NE,55.94315412568712,-3.1844323889229407,2136.1936814546184,2325.428120409643
55.94315412568712,-3.1844323889229407,SW,55.94294199365277,-3.1846445209572964,2136.1936814546184,2324.178120409643
55.94294199365277,-3.1846445209572964,NE,55.94315412568712,-3.1844323889229407,2136.1936814546184,2322.928120409643
55.94315412568712,-3.1844323889229407,SW,55.94294199365277,-3.1846445209572964,2136.1936814546184,2321.678120409643
55.94294199365277,-3.1846445209572964,NE,55.94315412568712,-3.1844323889229407,2136.1936814546184,2320.428120409643
55.94315412568712,-3.1844323889229407,SW,55.94294199365277,-3.1846445209572964,2136.1936814546184,2319.178120409643
55.94294199365277,-3.1846445209572964,NE,55.94315412568712,-3.1844323889229407,2136.1936814546184,2317.928120409643
55.94315412568712,-3.1844323889229407,SW,55.94294199365277,-3.1846445209572964,2136.1936814546184,2316.678120409643
55.94294199365277,-3.1846445209572964,NE,55.94315412568712,-3.1844323889229407,2136.1936814546184,2315.428120409643
55.94315412568712,-3.1844323889229407,SW,55.94294199365277,-3.1846445209572964,2136.1936814546184,2314.178120409643
55.94294199365277,-3.1846445209572964,NE,55.94315412568712,-3.1844323889229407,2136.1936814546184,2312.928120409643
55.94315412568712,-3.1844323889229407,SW,55.94294199365277,-3.1846445209572964,2136.1936814546184,2311.678120409643
55.94294199365277,-3.1846445209572964,NE,55.94315412568712,-3.1844323889229407,2136.1936814546184,2310.428120409643
55.94315412568712,-3.1844323889229407,SW,55.94294199365277,-3.1846445209572964,2136.1936814546184,2309.178120409643
55.94294199365277,-3.1846445209572964,NE,55.94315412568712,-3.1844323889229407,2136.1936814546184,2307.928120409643
55.94315412568712,-3.1844323889229407,SW,55.94294199365277,-3.1846445209572964,2136.1936814546184,2306.678120409643
55.94294199365277,-3.1846445209572964,NE,55.94315412568712,-3.1844323889229407,2136.1936814546184,2305.428120409643
55.94315412568712,-3.1844323889229407,SW,55.94294199365277,-3.1846445209572964,2136.1936814546184,2304.178120409643
55.94294199365277,-3.1846445209572964,NE,55.94315412568712,-3.1844323889229407,2136.1936814546184,2302.928120409643
55.94315412568712,-3.1844323889229407,SW,55.94294199365277,-3.1846445209572964,2136.1936814546184,2301.678120409643
55.94294199365277,-3.1846445209572964,NE,55.94315412568712,-3.1844323889229407,2136.1936814546184,2300.428120409643
55.94315412568712,-3.1844323889229407,SW,55.94294199365277,-3.1846445209572964,2136.1936814546184,2299.178120409643
55.94294199365277,-3.1846445209572964,NE,55.94315412568712,-3.1844323889229407,2136.1936814546184,2297.928120409643
55.94315412568712,-3.1844323889229407,SW,55.94294199365277,-3.1846445209572964,2136.1936814546184,2296.678120409643
55.94294199365277,-3.1846445209572964,NE,55.94315412568712,-3.1844323889229407,2136.1936814546184,2295.428120409643
55.94315412568712,-3.1844323889229407,SW,55.94294199365277,-3.1846445209572964,2136.1936814546184,2294.178120409643
55.94294199365277,-3.1846445209572964,NE,55.94315412568712,-3.1844323889229407,2136.1936814546184,2292.928120409643
55.94315412568712,-3.1844323889229407,SW,55.94294199365277,-3.1846445209572964,2136.1936814546184,2291.678120409643
55.94294199365277,-3.1846445209572964,NE,55.94315412568712,-3.1844323889229407,2136.1936814546184,2290.428120409643
55.94315412568712,-3.1844323889229407,SW,55.94294199365277,-3.1846445209572964,2136.1936814546184,2289.178120409643
55.94294199365277,-3.1846445209572964,NE,55.94315412568712,-3.1844323889229407,2136.1936814546184,2287.928120409643
55.94315412568712,-3.1844323889229407,SW,55.94294199365277,-3.1846445209572964,2136.1936814546184,2286.678120409643
55.94294199365277,-3.1846445209572964,NE,55.94315412568712,-3.1844323889229407,2136.1936814546184,2285.428120409643
55.94315412568712,-3.1844323889229407,SW,55.94294199365277,-3.1846445209572964,2136.1936814546184,2284.178120409643
55.94294199365277,-3.1846445209572964,NE,55.94315412568712,-3.1844323889229407,2136.1936814546184,2282.928120409643
55.94315412568712,-3.1844323889229407,SW,55.94294199365277,-3.1846445209572964,2136.1936814546184,2281.678120409643
55.94294199365277,-3.1846445209572964,NE,55.94315412568712,-3.1844323889229407,2136.1936814546184,2280.428120409643
55.94315412568712,-3.1844323889229407,SW,55.94294199365277,-3.1846445209572964,2136.1936814546184,2279.178120409643
55.94294199365277,-3.1846445209572964,NE,55.94315412568712,-3.1844323889229407,2136.1936814546184,2277.928120409643
55.94315412568712,-3.1844323889229407,SW,55.94294199365277,-3.1846445209572964,2136.1936814546184,2276.678120409643
55.94294199365277,-3.1846445209572964,NE,55.94315412568712,-3.1844323889229407,2136.1936814546184,2275.428120409643
55.94315412568712,-3.1844323889229407,SW,55.94294199365277,-3.1846445209572964,2136.1936814546184,2274.178120409643
55.94294199365277,-3.1846445209572964,NE,55.94315412568712,-3.1844323889229407,2136.1936814546184,2272.928120409643
55.94315412568712,-3.1844323889229407,SW,55.94294199365277,-3.1846445209572964,2136.1936814546184,2271.678120409643
55.94294199365277,-3.1846445209572964,NE,55.94315412568712,-3.1844323889229407,2136.1936814546184,2270.428120409643
55.94315412568712,-3.1844323889229407,SW,55.94294199365277,-3.1846445209572964,2136.1936814546184,2269.178120409643
55.94294199365277,-3.1846445209572964,NE,55.94315412568712,-3.1844323889229407,2136.1936814546184,2267.928120409643
55.94315412568712,-3.1844323889229407,SW,55.94294199365277,-3.1846445209572964,2136.1936814546184,2266.678120409643
55.94294199365277,-3.1846445209572964,NE,55.94315412568712,-3.1844323889229407,2136.1936814546184,2265.428120409643
55.94315412568712,-3.1844323889229407,SW,55.94294199365277,-3.1846445209572964,2136.1936814546184,2264.178120409643
55.94294199365277,-3.1846445209572964,NE,55.94315412568712,-3.1844323889229407,2136.1936814546184,2262.928120409643
55.94315412568712,-3.1844323889229407,SW,55.94294199365277,-3.1846445209572964,2136.1936814546184,2261.678120409643
55.94294199365277,-3.1846445209572964,NE,55.94315412568712,-3.1844323889229407,2136.1936814546184,2260.428120409643
55.94315412568712,-3.1844323889229407,SW,55.94294199365277,-3.1846445209572964,2136.1936814546184,2259.178120409643
55.94294199365277,-3.1846445209572964,NE,55.94315412568712,-3.1844323889229407,2136.1936814546184,2257.928120409643
55.94315412568712,-3.1844323889229407,SW,55.94294199365277,-3.1846445209572964,2136.1936814546184,2256.678120409643
55.94294199365277,-3.1846445209572964,NE,55.94315412568712,-3.1844323889229407,2136.1936814546184,2255.428120409643
55.94315412568712,-3.1844323889229407,SW,55.94294199365277,-3.1846445209572964,2136.1936814546184,2254.178120409643
55.94294199365277,-3.1846445209572964,NE,55.94315412568712,-3.1844323889229407,2136.1936814546184,2252.928120409643
55.94315412568712,-3.1844323889229407,SW,55.94294199365277,-3.1846445209572964,2136.1936814546184,2251.678120409643
55.94294199365277,-3.1846445209572964,NE,55.94315412568712,-3.1844323889229407,2136.1936814546184,2250.428120409643
55.94315412568712,-3.1844323889229407,SW,55.94294199365277,-3.1846445209572964,2136.1936814546184,2249.178120409643
55.94294199365277,-3.1846445209572964,NE,55.94315412568712,-3.1844323889229407,2136.1936814546184,2247.928120409643
55.94315412568712,-3.1844323889229407,SW,55.94294199365277,-3.1846445209572964,2136.1936814546184,2246.678120409643
55.94294199365277,-3.1846445209572964,NE,55.94315412568712,-3.1844323889229407,2136.1936814546184,2245.428120409643
55.94315412568712,-3.1844323889229407,SW,55.94294199365277,-3.1846445209572964,2136.1936814546184,2244.178120409643
55.94294199365277,-3.1846445209572964,NE,55.94315412568712,-3.1844323889229407,2136.1936814546184,2242.928120409643
55.94315412568712,-3.1844323889229407,SW,55.94294199365277,-3.1846445209572964,2136.1936814546184,2241.678120409643
55.94294199365277,-3.1846445209572964,NE,55.94315412568712,-3.1844323889229407,2136.1936814546184,2240.428120409643
55.94315412568712,-3.1844323889229407,SW,55.94294199365277,-3.1846445209572964,2136.1936814546184,2239.178120409643
55.94294199365277,-3.1846445209572964,NE,55.94315412568712,-3.1844323889229407,2136.1936814546184,2237.928120409643
55.94315412568712,-3.1844323889229407,SW,55.94294199365277,-3.1846445209572964,2136.1936814546184,2236.678120409643
55.94294199365277,-3.1846445209572964,NE,55.94315412568712,-3.1844323889229407,2136.1936814546184,2235.428120409643
55.94315412568712,-3.1844323889229407,SW,55.94294199365277,-3.1846445209572964,2136.1936814546184,2234.178120409643
55.94294199365277,-3.1846445209572964,NE,55.94315412568712,-3.1844323889229407,2136.1936814546184,2232.928120409643
55.94315412568712,-3.1844323889229407,SW,55.94294199365277,-3.1846445209572964,2136.1936814546184,2231.678120409643
55.94294199365277,-3.1846445209572964,NE,55.94315412568712,-3.1844323889229407,2136.1936814546184,2230.428120409643
55.94315412568712,-3.1844323889229407,SW,55.94294199365277,-3.1846445209572964,2136.1936814546184,2229.178120409643
55.94294199365277,-3.1846445209572964,NE,55.94315412568712,-3.1844323889229407,2136.1936814546184,2227.928120409643
55.94315412568712,-3.1844323889229407,SW,55.94294199365277,-3.1846445209572964,2136.1936814546184,2226.678120409643
55.94294199365277,-3.1846445209572964,NE,55.94315412568712,-3.1844323889229407,2136.1936814546184,2225.428120409643
55.94315412568712,-3.1844323889229407,SW,55.94294199365277,-3.1846445209572964,2136.1936814546184,2224.178120409643
55.94294199365277,-3.1846445209572964,NE,55.94315412568712,-3.1844323889229407,2136.1936814546184,2222.928120409643
55.94315412568712,-3.1844323889229407,SW,55.94294199365277,-3.1846445209572964,2136.1936814546184,2221.678120409643
55.94294199365277,-3.1846445209572964,NE,55.94315412568712,-3.1844323889229407,2136.1936814546184,2220.428120409643
55.94315412568712,-3.1844323889229407,SW,55.94294199365277,-3.1846445209572964,2136.1936814546184,2219.178120409643
55.94294199365277,-3.1846445209572964,NE,55.94315412568712,-3.1844323889229407,2136.1936814546184,2217.928120409643
55.94315412568712,-3.1844323889229407,SW,55.94294199365277,-3.1846445209572964,2136.1936814546184,2216.678120409643
55.94294199365277,-3.1846445209572964,NE,55.94315412568712,-3.1844323889229407,2136.1936814546184,2215.428120409643
55.94315412568712,-3.1844323889229407,SW,55.94294199365277,-3.1846445209572964,2136.1936814546184,2214.178120409643
55.94294199365277,-3.1846445209572964,NE,55.94315412568712,-3.1844323889229407,2136.1936814546184,2212.928120409643
55.94315412568712,-3.1844323889229407,SW,55.94294199365277,-3.1846445209572964,2136.1936814546184,2211.678120409643
55.94294199365277,-3.1846445209572964,NE,55.94315412568712,-3.1844323889229407,2136.1936814546184,2210.428120409643
55.94315412568712,-3.1844323889229407,SW,55.94294199365277,-3.1846445209572964,2136.1936814546184,2209.178120409643
55.94294199365277,-3.1846445209572964,NE,55.94315412568712,-3.1844323889229407,2136.1936814546184,2207.928120409643
55.94315412568712,-3.1844323889229407,SW,55.94294199365277,-3.1846445209572964,2136.1936814546184,2206.678120409643
55.94294199365277,-3.1846445209572964,NE,55.94315412568712,-3.1844323889229407,2136.1936814546184,2205.428120409643
55.94315412568712,-3.1844323889229407,SW,55.94294199365277,-3.1846445209572964,2136.1936814546184,2204.178120409643
55.94294199365277,-3.1846445209572964,NE,55.94315412568712,-3.1844323889229407,2136.1936814546184,2202.928120409643
55.94315412568712,-3.1844323889229407,SW,55.94294199365277,-3.1846445209572964,2136.1936814546184,2201.678120409643
55.94294199365277,-3.1846445209572964,NE,55.94315412568712,-3.1844323889229407,2136.1936814546184,2200.428120409643
55.94315412568712,-3.1844323889229407,SW,55.94294199365277,-3.1846445209572964,2136.1936814546184,2199.178120409643
55.94294199365277,-3.1846445209572964,NE,55.94315412568712,-3.1844323889229407,2136.1936814546184,2197.928120409643
55.94315412568712,-3.1844323889229407,SW,55.94294199365277,-3.1846445209572964,2136.1936814546184,2196.678120409643
55.94294199365277,-3.1846445209572964,NE,55.94315412568712,-3.1844323889229407,2136.1936814546184,2195.428120409643
55.94315412568712,-3.1844323889229407,SW,55.94294199365277,-3.1846445209572964,2136.1936814546184,2194.178120409643
55.94294199365277,-3.1846445209572964,NE,55.94315412568712,-3.1844323889229407,2136.1936814546184,2192.928120409643
55.94315412568712,-3.1844323889229407,SW,55.94294199365277,-3.1846445209572964,2136.1936814546184,2191.678120409643
55.94294199365277,-3.1846445209572964,NE,55.94315412568712,-3.1844323889229407,2136.1936814546184,2190.428120409643
55.94315412568712,-3.1844323889229407,SW,55.94294199365277,-3.1846445209572964,2136.1936814546184,2189.178120409643
55.94294199365277,-3.1846445209572964,NE,55.94315412568712,-3.1844323889229407,2136.1936814546184,2187.928120409643
55.94315412568712,-3.1844323889229407,SW,55.94294199365277,-3.1846445209572964,2136.1936814546184,2186.678120409643
55.94294199365277,-3.1846445209572964,NE,55.94315412568712,-3.1844323889229407,2136.1936814546184,2185.428120409643
55.94315412568712,-3.1844323889229407,SW,55.94294199365277,-3.1846445209572964,2136.1936814546184,2184.178120409643
55.94294199365277,-3.1846445209572964,NE,55.94315412568712,-3.1844323889229407,2136.1936814546184,2182.928120409643
55.94315412568712,-3.1844323889229407,SW,55.94294199365277,-3.1846445209572964,2136.1936814546184,2181.678120409643
55.94294199365277,-3.1846445209572964,NE,55.94315412568712,-3.1844323889229407,2136.1936814546184,2180.428120409643
55.94315412568712,-3.1844323889229407,SW,55.94294199365277,-3.1846445209572964,2136.1936814546184,2179.178120409643
55.94294199365277,-3.1846445209572964,NE,55.94315412568712,-3.1844323889229407,2136.1936814546184,2177.928120409643
55.94315412568712,-3.1844323889229407,SW,55.94294199365277,-3.1846445209572964,2136.1936814546184,2176.678120409643
55.94294199365277,-3.1846445209572964,NE,55.94315412568712,-3.1844323889229407,2136.1936814546184,2175.428120409643
55.94315412568712,-3.1844323889229407,SW,55.94294199365277,-3.1846445209572964,2136.1936814546184,2174.178120409643
55.94294199365277,-3.1846445209572964,NE,55.94315412568712,-3.1844323889229407,2136.1936814546184,2172.928120409643
55.94315412568712,-3.1844323889229407,SW,55.94294199365277,-3.1846445209572964,2136.1936814546184,2171.678120409643
55.94294199365277,-3.1846445209572964,NE,55.94315412568712,-3.1844323889229407,2136.1936814546184,2170.428120409643
